   1.3798185e-38
   3.8870603e-31
   1.2579430e-24
   4.6767161e-19
   1.9973833e-14
   9.7999120e-11
   1.2298156e-07
   1.3560799e-05
   1.7736690e-04
   4.6707482e-04
   4.7286353e-04
   8.5123131e-04
   1.0803961e-03
   1.2221870e-03
   2.6411775e-03
   3.3544010e-03
   2.4866213e-03
   2.2609784e-03
   2.0498220e-03
   2.9310160e-03
   4.8654324e-03
   6.1983107e-03
   6.2937453e-03
   8.5248425e-03
   1.1455877e-02
   1.3000183e-02
   1.7327580e-02
   1.5333566e-02
   1.6181179e-02
   2.2717999e-02
   3.0267422e-02
   3.4693109e-02
   4.5216914e-02
   4.7229072e-02
   3.6658710e-02
   4.4030962e-02
   9.3996745e-02
   1.2698611e-01
   1.0647465e-01
   7.3708431e-02
   5.2915936e-02
   3.4301726e-02
   2.2702944e-02
   1.8697111e-02
   1.9701299e-02
   1.4589391e-02
   1.1761002e-02
   8.8959607e-03
   6.6800368e-03
   6.6963965e-03
   5.2226508e-03
   2.9689602e-03
   2.2017835e-03
   1.8927965e-03
   1.9727483e-03
   2.7618392e-03
   1.9624844e-03
   9.0335385e-04
   7.0310680e-04
   4.9703549e-04
   3.4950162e-04
   3.2300186e-04
   1.1893083e-04
   1.0224166e-05
   1.1937901e-07
   9.7999120e-11
   1.9973833e-14
   4.6767161e-19
   1.2579430e-24
   3.8870603e-31
   1.3798185e-38
