  0.16540437133577385     
  0.22303599261302368     
  0.29717701329847673     
  0.38608958805347077     
  0.48607242061583494     
  0.59112166637956953     
  0.69389814863944577     
  0.78698712351667333     
  0.86423516339603512     
  0.92206853297220903     
  0.96040913607576006     
  0.98249631800168835     
  0.99337217242663567     
  0.99788557483794749     
  0.99944214470593662     
  0.99988092438038190     
  0.99997995925689354     
  0.99999741801035291     
  0.99999975372036043     
  0.99999998324887684     
  0.99999999922095650     
  0.99999999997636380     
  0.99999999999955613     
  0.99999999999999512     
   1.0000000000000000     
   1.0000000000000000     
   1.0000000000000000     
   1.0000000000000000     
   1.0000000000000000     
   1.0000000000000000     
   1.0000000000000000     
   1.0000000000000000     
   1.0000000000000000     
   1.0000000000000000     
   1.0000000000000000     
   1.0000000000000000     
   1.0000000000000000     
   1.0000000000000000     
   1.0000000000000000     
   1.0000000000000000     
   1.0000000000000000     
   1.0000000000000000     
   1.0000000000000000     
   1.0000000000000000     
   1.0000000000000000     
   1.0000000000000000     
   1.0000000000000000     
   1.0000000000000000     
   1.0000000000000000     
   1.0000000000000000     
   1.0000000000000000     
  0.14609882105372046     
  0.19527653555054503     
  0.25984156214300469     
  0.33951512124172889     
  0.43229730584271464     
  0.53372209808175231     
  0.63738229442108107     
  0.73595060649262745     
  0.82242112829689751     
  0.89147628592253736     
  0.94078990084542302     
  0.97166337558867533     
  0.98829978635906757     
  0.99589810540398294     
  0.99879978084585019     
  0.99971271092934189     
  0.99994506611208678     
  0.99999183766456756     
  0.99999908682921779     
  0.99999992576021457     
  0.99999999578505550     
  0.99999999984016053     
  0.99999999999614797     
  0.99999999999994416     
  0.99999999999999956     
   1.0000000000000000     
   1.0000000000000000     
   1.0000000000000000     
   1.0000000000000000     
   1.0000000000000000     
   1.0000000000000000     
   1.0000000000000000     
   1.0000000000000000     
   1.0000000000000000     
   1.0000000000000000     
   1.0000000000000000     
   1.0000000000000000     
   1.0000000000000000     
   1.0000000000000000     
   1.0000000000000000     
   1.0000000000000000     
   1.0000000000000000     
   1.0000000000000000     
   1.0000000000000000     
   1.0000000000000000     
   1.0000000000000000     
   1.0000000000000000     
   1.0000000000000000     
   1.0000000000000000     
   1.0000000000000000     
   1.0000000000000000     
  0.11901895888407753     
  0.15760956043229993     
  0.20998189677659657     
  0.27741558590082255     
  0.35989759699788182     
  0.45497163553558834     
  0.55766580547507838     
  0.66116345785801434     
  0.75792864909348845     
  0.84104719857264298     
  0.90567899872193003     
  0.95032519779570346     
  0.97718393829728944     
  0.99100889432898931     
  0.99700898563622709     
  0.99917496342838907     
  0.99981524979028302     
  0.99996724463354614     
  0.99999553325613677     
  0.99999954664429547     
  0.99999996699453464     
  0.99999999834626552     
  0.99999999994555244     
  0.99999999999888145     
  0.99999999999998646     
  0.99999999999999989     
   1.0000000000000000     
   1.0000000000000000     
   1.0000000000000000     
   1.0000000000000000     
   1.0000000000000000     
   1.0000000000000000     
   1.0000000000000000     
   1.0000000000000000     
   1.0000000000000000     
   1.0000000000000000     
   1.0000000000000000     
   1.0000000000000000     
   1.0000000000000000     
   1.0000000000000000     
   1.0000000000000000     
   1.0000000000000000     
   1.0000000000000000     
   1.0000000000000000     
   1.0000000000000000     
   1.0000000000000000     
   1.0000000000000000     
   1.0000000000000000     
   1.0000000000000000     
   1.0000000000000000     
   1.0000000000000000     
   9.5146347823651958E-002
  0.12455152491212172     
  0.16575006979877466     
  0.22097198501293916     
  0.29177821363438489     
  0.37774210101981498     
  0.47577912526004712     
  0.58026281360799303     
  0.68387858759824827     
  0.77888528946466185     
  0.85855867094305260     
  0.91869516916703065     
  0.95875809554241664     
  0.98185700141879217     
  0.99318984752209294     
  0.99785476947137131     
  0.99944348688457729     
  0.99988373771662431     
  0.99998094862952647     
  0.99999762431092265     
  0.99999978214815965     
  0.99999998586307581     
  0.99999999937814343     
  0.99999999998232869     
  0.99999999999969258     
  0.99999999999999689     
   1.0000000000000000     
   1.0000000000000000     
   1.0000000000000000     
   1.0000000000000000     
   1.0000000000000000     
   1.0000000000000000     
   1.0000000000000000     
   1.0000000000000000     
   1.0000000000000000     
   1.0000000000000000     
   1.0000000000000000     
   1.0000000000000000     
   1.0000000000000000     
   1.0000000000000000     
   1.0000000000000000     
   1.0000000000000000     
   1.0000000000000000     
   1.0000000000000000     
   1.0000000000000000     
   1.0000000000000000     
   1.0000000000000000     
   1.0000000000000000     
   1.0000000000000000     
   1.0000000000000000     
   1.0000000000000000     
   7.6609456993199626E-002
   9.8452271826711457E-002
  0.12992364922469427     
  0.17360023708488059     
  0.23202539273122116     
  0.30652566131872316     
  0.39615193079337729     
  0.49712843284945790     
  0.60316854088591088     
  0.70651031487566229     
  0.79930288458182752     
  0.87514254871810215     
  0.93059641725368203     
  0.96615271297486294     
  0.98576378048186530     
  0.99491939759851067     
  0.99848771960110094     
  0.99963194981933334     
  0.99992847392082596     
  0.99998920324289831     
  0.99999877350814925     
  0.99999989881898366     
  0.99999999417572294     
  0.99999999977629761     
  0.99999999999454670     
  0.99999999999992017     
  0.99999999999999944     
   1.0000000000000000     
   1.0000000000000000     
   1.0000000000000000     
   1.0000000000000000     
   1.0000000000000000     
   1.0000000000000000     
   1.0000000000000000     
   1.0000000000000000     
   1.0000000000000000     
   1.0000000000000000     
   1.0000000000000000     
   1.0000000000000000     
   1.0000000000000000     
   1.0000000000000000     
   1.0000000000000000     
   1.0000000000000000     
   1.0000000000000000     
   1.0000000000000000     
   1.0000000000000000     
   1.0000000000000000     
   1.0000000000000000     
   1.0000000000000000     
   1.0000000000000000     
   1.0000000000000000     
   6.2907731761871699E-002
   7.8671898214039152E-002
  0.10202611027197075     
  0.13544563392623296     
  0.18183839796366433     
  0.24371017020816282     
  0.32207137724193319     
  0.41537816598689575     
  0.51912459543640066     
  0.62637556202666855     
  0.72898022566824539     
  0.81907773336215850     
  0.89071852245552452     
  0.94136378032191947     
  0.97255544554082185     
  0.98898318030059618     
  0.99626904737097211     
  0.99895292389095258     
  0.99976155131380695     
  0.99995702389966012     
  0.99999404496180544     
  0.99999938617076223     
  0.99999995464689306     
  0.99999999769582237     
  0.99999999992316135     
  0.99999999999840328     
  0.99999999999998046     
  0.99999999999999989     
   1.0000000000000000     
   1.0000000000000000     
   1.0000000000000000     
   1.0000000000000000     
   1.0000000000000000     
   1.0000000000000000     
   1.0000000000000000     
   1.0000000000000000     
   1.0000000000000000     
   1.0000000000000000     
   1.0000000000000000     
   1.0000000000000000     
   1.0000000000000000     
   1.0000000000000000     
   1.0000000000000000     
   1.0000000000000000     
   1.0000000000000000     
   1.0000000000000000     
   1.0000000000000000     
   1.0000000000000000     
   1.0000000000000000     
   1.0000000000000000     
   1.0000000000000000     
   5.3182800995297930E-002
   6.4120548990461698E-002
   8.0929615923851700E-002
  0.10572230287453101     
  0.14128136044276868     
  0.19062074816059685     
  0.25615391720464148     
  0.33850096861886236     
  0.43545201333862393     
  0.54173974603207198     
  0.64980335711771098     
  0.75117408581272183     
  0.83809541092542350     
  0.90521419622642807     
  0.95099562621480904     
  0.97802636748406135     
  0.99159675227551003     
  0.99730481009785221     
  0.99928849323636748     
  0.99984880171114343     
  0.99997480748279099     
  0.99999680714758343     
  0.99999970259675230     
  0.99999998041096472     
  0.99999999912619364     
  0.99999999997484890     
  0.99999999999955747     
  0.99999999999999556     
   1.0000000000000000     
   1.0000000000000000     
   1.0000000000000000     
   1.0000000000000000     
   1.0000000000000000     
   1.0000000000000000     
   1.0000000000000000     
   1.0000000000000000     
   1.0000000000000000     
   1.0000000000000000     
   1.0000000000000000     
   1.0000000000000000     
   1.0000000000000000     
   1.0000000000000000     
   1.0000000000000000     
   1.0000000000000000     
   1.0000000000000000     
   1.0000000000000000     
   1.0000000000000000     
   1.0000000000000000     
   1.0000000000000000     
   1.0000000000000000     
   1.0000000000000000     
   4.6720602851575602E-002
   5.3790891525112267E-002
   6.5418513191379785E-002
   8.3243428683035942E-002
  0.10962742084939327     
  0.14752953727964074     
  0.20004536482855684     
  0.26944157406472374     
  0.35586713856634911     
  0.45637675049321885     
  0.56492122989157545     
  0.67335099793795405     
  0.77296576363028779     
  0.85624284018758934     
  0.91857168395206057     
  0.95950925404638843     
  0.98263698786068177     
  0.99368588696230331     
  0.99808605936801409     
  0.99952588460809855     
  0.99990625435676261     
  0.99998560795714342     
  0.99999833799310089     
  0.99999986070314850     
  0.99999999186014521     
  0.99999999968293596     
  0.99999999999217104     
  0.99999999999988409     
  0.99999999999999900     
   1.0000000000000000     
   1.0000000000000000     
   1.0000000000000000     
   1.0000000000000000     
   1.0000000000000000     
   1.0000000000000000     
   1.0000000000000000     
   1.0000000000000000     
   1.0000000000000000     
   1.0000000000000000     
   1.0000000000000000     
   1.0000000000000000     
   1.0000000000000000     
   1.0000000000000000     
   1.0000000000000000     
   1.0000000000000000     
   1.0000000000000000     
   1.0000000000000000     
   1.0000000000000000     
   1.0000000000000000     
   1.0000000000000000     
   1.0000000000000000     
   4.3059752454991197E-002
   4.6893063228724378E-002
   5.4398669154079302E-002
   6.6723090213486089E-002
   8.5680887052738297E-002
  0.11381981029542507     
  0.15427467888216098     
  0.21019750192859718     
  0.28364379016920127     
  0.37420464888549398     
  0.47813461818136455     
  0.58859521974718165     
  0.69690084354495418     
  0.79422250292256791     
  0.87341396932498716     
  0.93075125720194218     
  0.96694058332236810     
  0.98646725905082211     
  0.99532925317939280     
  0.99866486365637053     
  0.99969045489186059     
  0.99994322255978629     
  0.99999199644872172     
  0.99999916115881260     
  0.99999993702170864     
  0.99999999675145834     
  0.99999999989012844     
  0.99999999999768752     
  0.99999999999997147     
  0.99999999999999978     
   1.0000000000000000     
   1.0000000000000000     
   1.0000000000000000     
   1.0000000000000000     
   1.0000000000000000     
   1.0000000000000000     
   1.0000000000000000     
   1.0000000000000000     
   1.0000000000000000     
   1.0000000000000000     
   1.0000000000000000     
   1.0000000000000000     
   1.0000000000000000     
   1.0000000000000000     
   1.0000000000000000     
   1.0000000000000000     
   1.0000000000000000     
   1.0000000000000000     
   1.0000000000000000     
   1.0000000000000000     
   1.0000000000000000     
   4.2047621191710884E-002
   4.2908809494433840E-002
   4.7002308491480738E-002
   5.4982212831029172E-002
   6.8091270849027191E-002
   8.8304359798499280E-002
  0.11836809926908533     
  0.16159279661414849     
  0.22115320076462955     
  0.29881860664095811     
  0.39353104627432844     
  0.50068772644179660     
  0.61266897973278089     
  0.72032265085905567     
  0.81480989881185750     
  0.88951450702442503     
  0.94173347573235078     
  0.97334259986616645     
  0.98960228077234602     
  0.99660068587061756     
  0.99908577668617360     
  0.99980216181304982     
  0.99996644410231394     
  0.99999567253280341     
  0.99999959005177386     
  0.99999997255747342     
  0.99999999875700640     
  0.99999999996371125     
  0.99999999999935330     
  0.99999999999999345     
   1.0000000000000000     
   1.0000000000000000     
   1.0000000000000000     
   1.0000000000000000     
   1.0000000000000000     
   1.0000000000000000     
   1.0000000000000000     
   1.0000000000000000     
   1.0000000000000000     
   1.0000000000000000     
   1.0000000000000000     
   1.0000000000000000     
   1.0000000000000000     
   1.0000000000000000     
   1.0000000000000000     
   1.0000000000000000     
   1.0000000000000000     
   1.0000000000000000     
   1.0000000000000000     
   1.0000000000000000     
   1.0000000000000000     
   4.3937579208479391E-002
   4.1640830186343458E-002
   4.2644302404882588E-002
   4.7069915368394229E-002
   5.5591126457246003E-002
   6.9572343488280619E-002
   9.1166638926469978E-002
  0.12333344581885633     
  0.16955353512328833     
  0.23298072361408950     
  0.31501209503716526     
  0.41384725197942707     
  0.52397966553019260     
  0.63703368607835698     
  0.74347726172434447     
  0.83459637142736054     
  0.90446564232045545     
  0.95152009677267591     
  0.97878290642561494     
  0.99212902708323358     
  0.99756759673324569     
  0.99938600876228456     
  0.99987633853690483     
  0.99998066886637427     
  0.99999772786355678     
  0.99999980628413931     
  0.99999998849351368     
  0.99999999954483676     
  0.99999999998859990     
  0.99999999999982914     
  0.99999999999999856     
   1.0000000000000000     
   1.0000000000000000     
   1.0000000000000000     
   1.0000000000000000     
   1.0000000000000000     
   1.0000000000000000     
   1.0000000000000000     
   1.0000000000000000     
   1.0000000000000000     
   1.0000000000000000     
   1.0000000000000000     
   1.0000000000000000     
   1.0000000000000000     
   1.0000000000000000     
   1.0000000000000000     
   1.0000000000000000     
   1.0000000000000000     
   1.0000000000000000     
   1.0000000000000000     
   1.0000000000000000     
   4.9603297911716894E-002
   4.3308509681558756E-002
   4.1072102448935270E-002
   4.2328774393729424E-002
   4.7140698895341553E-002
   5.6264852824997713E-002
   7.1205746277199555E-002
   9.4313235916073379E-002
  0.12877200751636231     
  0.17822229172059290     
  0.24574193359199581     
  0.33225918699879015     
  0.43513854666824231     
  0.54793716191097175     
  0.66156689051405593     
  0.76621992029506492     
  0.85345693304786319     
  0.91820703252265856     
  0.96013398089427426     
  0.98334063594136689     
  0.99413330249493759     
  0.99828993774815300     
  0.99959589880579569     
  0.99992447889227010     
  0.99998915705658975     
  0.99999884303438724     
  0.99999991162138191     
  0.99999999536531836     
  0.99999999984079380     
  0.99999999999660094     
  0.99999999999995748     
  0.99999999999999978     
   1.0000000000000000     
   1.0000000000000000     
   1.0000000000000000     
   1.0000000000000000     
   1.0000000000000000     
   1.0000000000000000     
   1.0000000000000000     
   1.0000000000000000     
   1.0000000000000000     
   1.0000000000000000     
   1.0000000000000000     
   1.0000000000000000     
   1.0000000000000000     
   1.0000000000000000     
   1.0000000000000000     
   1.0000000000000000     
   1.0000000000000000     
   1.0000000000000000     
   1.0000000000000000     
   6.0995165136702223E-002
   4.8763479430150337E-002
   4.2459453293060841E-002
   4.0446366860868055E-002
   4.2004634617342988E-002
   4.7247281170079494E-002
   5.7032811929249777E-002
   7.3023633151256165E-002
   9.7785059545296801E-002
  0.13473745781831420     
  0.18766219763799286     
  0.25949347102721387     
  0.35058429671813618     
  0.45737527473751260     
  0.57247121013958835     
  0.68613436502682412     
  0.78840313604366552     
  0.87127694521526700     
  0.93069923023061119     
  0.96761796547958279     
  0.98710297506056710     
  0.99569711828668461     
  0.99881968859615566     
  0.99973959347923991     
  0.99995498436995367     
  0.99999408543748736     
  0.99999942943632103     
  0.99999996113065071     
  0.99999999820981200     
  0.99999999994691280     
  0.99999999999904021     
  0.99999999999999001     
   1.0000000000000000     
   1.0000000000000000     
   1.0000000000000000     
   1.0000000000000000     
   1.0000000000000000     
   1.0000000000000000     
   1.0000000000000000     
   1.0000000000000000     
   1.0000000000000000     
   1.0000000000000000     
   1.0000000000000000     
   1.0000000000000000     
   1.0000000000000000     
   1.0000000000000000     
   1.0000000000000000     
   1.0000000000000000     
   1.0000000000000000     
   1.0000000000000000     
   1.0000000000000000     
   8.2025793140600087E-002
   5.9956297422626412E-002
   4.7620453527444873E-002
   4.1546709109220405E-002
   3.9806004781723900E-002
   4.1700249468154246E-002
   4.7412194455633203E-002
   5.7917192727202985E-002
   7.5053599734780735E-002
  0.10162105006172326     
  0.14128335486330657     
  0.19793586147785336     
  0.27428752246569732     
  0.37000132041077877     
  0.48051278224527177     
  0.59747764209031717     
  0.71059169187010429     
  0.80987983427984633     
  0.88795579952291770     
  0.94192526939746002     
  0.97403278269235360     
  0.99016154923382083     
  0.99689659883970105     
  0.99920081382649617     
  0.99983584911590995     
  0.99997383926802608     
  0.99999686638642937     
  0.99999972787229263     
  0.99999998354680297     
  0.99999999933810191     
  0.99999999998315903     
  0.99999999999974398     
  0.99999999999999789     
   1.0000000000000000     
   1.0000000000000000     
   1.0000000000000000     
   1.0000000000000000     
   1.0000000000000000     
   1.0000000000000000     
   1.0000000000000000     
   1.0000000000000000     
   1.0000000000000000     
   1.0000000000000000     
   1.0000000000000000     
   1.0000000000000000     
   1.0000000000000000     
   1.0000000000000000     
   1.0000000000000000     
   1.0000000000000000     
   1.0000000000000000     
   1.0000000000000000     
  0.11982984300661138     
   8.0858715562440092E-002
   5.8482211273087469E-002
   4.6401799809487852E-002
   4.0615259861008210E-002
   3.9177263548641109E-002
   4.1433797849667990E-002
   4.7650887424725459E-002
   5.8935678111963367E-002
   7.7321220614861033E-002
  0.10586055015542714     
  0.14846514986545750     
  0.20910646831061089     
  0.29017166968535935     
  0.39051272035632084     
  0.50449073155208979     
  0.62283736906502840     
  0.73478621704655922     
  0.83050681893515621     
  0.90341045967749323     
  0.95189136670372509     
  0.97945414349584281     
  0.99260889802260233     
  0.99780048588772774     
  0.99946959728929718     
  0.99989887930323151     
  0.99998519401423402     
  0.99999838952197462     
  0.99999987466036155     
  0.99999999330805478     
  0.99999999976618248     
  0.99999999999492828     
  0.99999999999993572     
  0.99999999999999956     
   1.0000000000000000     
   1.0000000000000000     
   1.0000000000000000     
   1.0000000000000000     
   1.0000000000000000     
   1.0000000000000000     
   1.0000000000000000     
   1.0000000000000000     
   1.0000000000000000     
   1.0000000000000000     
   1.0000000000000000     
   1.0000000000000000     
   1.0000000000000000     
   1.0000000000000000     
   1.0000000000000000     
   1.0000000000000000     
   1.0000000000000000     
  0.18432171563475686     
  0.11882054422014081     
   7.9041039756998929E-002
   5.6908591035380450E-002
   4.5158501821426167E-002
   3.9691215299637116E-002
   3.8575929214257385E-002
   4.1216536933547328E-002
   4.7974440484775109E-002
   6.0103777658847869E-002
   7.9852178253170841E-002
  0.11054522041443200     
  0.15634153939476822     
  0.22123799262500893     
  0.30718780822041003     
  0.41210803373913113     
  0.52923229374491543     
  0.64841713030480008     
  0.75855939847236309     
  0.85014868828825219     
  0.91757861394035867     
  0.96062650186671528     
  0.98396923552825932     
  0.99453530553467306     
  0.99846924002906989     
  0.99965526086744338     
  0.99993918681529192     
  0.99999184895316306     
  0.99999919819992356     
  0.99999994433439299     
  0.99999999738927969     
  0.99999999992124033     
  0.99999999999855316     
  0.99999999999998479     
  0.99999999999999989     
   1.0000000000000000     
   1.0000000000000000     
   1.0000000000000000     
   1.0000000000000000     
   1.0000000000000000     
   1.0000000000000000     
   1.0000000000000000     
   1.0000000000000000     
   1.0000000000000000     
   1.0000000000000000     
   1.0000000000000000     
   1.0000000000000000     
   1.0000000000000000     
   1.0000000000000000     
   1.0000000000000000     
   1.0000000000000000     
  0.27971798513670937     
  0.18424599991042045     
  0.11683338140873099     
   7.7076830884097711E-002
   5.5297196164104556E-002
   4.3918628480220989E-002
   3.8789556087933809E-002
   3.8010919264262852E-002
   4.1055529683420418E-002
   4.8391715858614112E-002
   6.1436664966893449E-002
   8.2673891569805716E-002
  0.11572040149994514     
  0.16497513804910477     
  0.23439458722633644     
  0.32537042651502357     
  0.43476209659180248     
  0.55464352848397547     
  0.67407041253910427     
  0.78174981275168931     
  0.86868183113302533     
  0.93042113349848909     
  0.96818094193342186     
  0.98767281657645012     
  0.99602613305446219     
  0.99895469541803605     
  0.99978076831293516     
  0.99996433427496367     
  0.99999564042850042     
  0.99999961383714464     
  0.99999997620000336     
  0.99999999902480796     
  0.99999999997475464     
  0.99999999999960998     
  0.99999999999999667     
   1.0000000000000000     
   1.0000000000000000     
   1.0000000000000000     
   1.0000000000000000     
   1.0000000000000000     
   1.0000000000000000     
   1.0000000000000000     
   1.0000000000000000     
   1.0000000000000000     
   1.0000000000000000     
   1.0000000000000000     
   1.0000000000000000     
   1.0000000000000000     
   1.0000000000000000     
   1.0000000000000000     
   1.0000000000000000     
  0.39205918955263469     
  0.28176211315879968     
  0.18281712818830567     
  0.11461452424973352     
   7.5045429483541842E-002
   5.3680730654160756E-002
   4.2697867728991354E-002
   3.7918210498485302E-002
   3.7487079706349694E-002
   4.0955671774060308E-002
   4.8910915076203737E-002
   6.2950461558457779E-002
   8.5816635526005963E-002
  0.12143594268847387     
  0.17443252866966388     
  0.24863940346536809     
  0.34474450363244796     
  0.45843340961191476     
  0.58061317995194706     
  0.69963918133543790     
  0.80419666251462718     
  0.88599859070323617     
  0.94192372102140498     
  0.97462368391592547     
  0.99066327990911107     
  0.99715976675951401     
  0.99930019127438852     
  0.99986372231226472     
  0.99997962425072440     
  0.99999773758832033     
  0.99999982034706980     
  0.99999999022000174     
  0.99999999965188213     
  0.99999999999231604     
  0.99999999999990097     
  0.99999999999999933     
   1.0000000000000000     
   1.0000000000000000     
   1.0000000000000000     
   1.0000000000000000     
   1.0000000000000000     
   1.0000000000000000     
   1.0000000000000000     
   1.0000000000000000     
   1.0000000000000000     
   1.0000000000000000     
   1.0000000000000000     
   1.0000000000000000     
   1.0000000000000000     
   1.0000000000000000     
   1.0000000000000000     
  0.49782629666555822     
  0.39673291899088536     
  0.28226125845419064     
  0.18103286764445736     
  0.11226951826536041     
   7.2987906952645731E-002
   5.2077319150444154E-002
   4.1504293089103861E-002
   3.7081056729730930E-002
   3.7007185066671971E-002
   4.0921044730892059E-002
   4.9540581049866292E-002
   6.4663046565539173E-002
   8.9314264325273535E-002
  0.12774666629313922     
  0.18478393302091628     
  0.26403294412955808     
  0.36532328166051586     
  0.48306267981279838     
  0.60701283263321437     
  0.72495594123201290     
  0.82574367595378895     
  0.90201109819045133     
  0.95209734501979826     
  0.98003907348458563     
  0.99303889885363528     
  0.99800623047167714     
  0.99954107361240940     
  0.99991727909605377     
  0.99998867397489233     
  0.99999886232899748     
  0.99999991938839095     
  0.99999999614411583     
  0.99999999988147215     
  0.99999999999778399     
  0.99999999999997624     
  0.99999999999999989     
   1.0000000000000000     
   1.0000000000000000     
   1.0000000000000000     
   1.0000000000000000     
   1.0000000000000000     
   1.0000000000000000     
   1.0000000000000000     
   1.0000000000000000     
   1.0000000000000000     
   1.0000000000000000     
   1.0000000000000000     
   1.0000000000000000     
   1.0000000000000000     
   1.0000000000000000     
  0.58295003685655711     
  0.50438997401093022     
  0.39995351201903162     
  0.28228958648873970     
  0.17903291785031786     
  0.10985292111500163     
   7.0927078065247950E-002
   5.0496351966444621E-002
   4.0341740425922146E-002
   3.6279938776619489E-002
   3.6573150638332511E-002
   4.0955714240813519E-002
   5.0290147160773166E-002
   6.6594571587537940E-002
   9.3204731601889398E-002
  0.13471264852842785     
  0.19610257948775564     
  0.28063121159305515     
  0.38710599713517002     
  0.50857157892818816     
  0.63369756287768608     
  0.74984664400375367     
  0.84624354618410391     
  0.91665467957413371     
  0.96097758437833136     
  0.98452279208383497     
  0.99489453046949150     
  0.99862644489288910     
  0.99970546247939385     
  0.99995102045195239     
  0.99999388194526495     
  0.99999944642693206     
  0.99999996516834366     
  0.99999999854402555     
  0.99999999996158606     
  0.99999999999939593     
  0.99999999999999478     
   1.0000000000000000     
   1.0000000000000000     
   1.0000000000000000     
   1.0000000000000000     
   1.0000000000000000     
   1.0000000000000000     
   1.0000000000000000     
   1.0000000000000000     
   1.0000000000000000     
   1.0000000000000000     
   1.0000000000000000     
   1.0000000000000000     
   1.0000000000000000     
   1.0000000000000000     
  0.64589757185727370     
  0.59028494213717342     
  0.50968790471859360     
  0.40262243006039899     
  0.28202453788674586     
  0.17689137757731610     
  0.10739501502514359     
   6.8875024937496448E-002
   4.8942489900280058E-002
   3.9211974783789988E-002
   3.5515844488343211E-002
   3.6186691219591074E-002
   4.1064105615013058E-002
   5.1170263248017850E-002
   6.8767835515487652E-002
   9.7530550786182307E-002
  0.14239939845677321     
  0.20846377733341706     
  0.29848340870135037     
  0.41007558059667321     
  0.53486199049110794     
  0.66050728185772456     
  0.77413396305092463     
  0.86556248459708651     
  0.92989047232419320     
  0.96862267059323170     
  0.98817754754115350     
  0.99631891703754472     
  0.99907206100556467     
  0.99981517574891920     
  0.99997174195106941     
  0.99999679248064199     
  0.99999973973375189     
  0.99999998553062541     
  0.99999999947444473     
  0.99999999998817457     
  0.99999999999984468     
  0.99999999999999889     
   1.0000000000000000     
   1.0000000000000000     
   1.0000000000000000     
   1.0000000000000000     
   1.0000000000000000     
   1.0000000000000000     
   1.0000000000000000     
   1.0000000000000000     
   1.0000000000000000     
   1.0000000000000000     
   1.0000000000000000     
   1.0000000000000000     
   1.0000000000000000     
  0.69137151174618316     
  0.65328587316740172     
  0.59650743623300073     
  0.51435950468162772     
  0.40494977023409900     
  0.28156606739599166     
  0.17464864429557286     
  0.10491192860855801     
   6.6838175528868490E-002
   4.7418165056670444E-002
   3.8115895907839162E-002
   3.4789490284809439E-002
   3.5849612844306072E-002
   4.1251188345177797E-002
   5.2192997327712737E-002
   7.1208650459222575E-002
  0.10233925646230646     
  0.15087789783202205     
  0.22194369074321568     
  0.31762945933741338     
  0.43419641124531011     
  0.56181558194630843     
  0.68726850716169741     
  0.79764142808702321     
  0.88358472340083360     
  0.94170693325866339     
  0.97511045431541865     
  0.99110878406607339     
  0.99739269969689004     
  0.99938577405737061     
  0.99988671706483401     
  0.99998413298178679     
  0.99999837006356718     
  0.99999988194309275     
  0.99999999423124630     
  0.99999999981900123     
  0.99999999999654976     
  0.99999999999996236     
  0.99999999999999978     
   1.0000000000000000     
   1.0000000000000000     
   1.0000000000000000     
   1.0000000000000000     
   1.0000000000000000     
   1.0000000000000000     
   1.0000000000000000     
   1.0000000000000000     
   1.0000000000000000     
   1.0000000000000000     
   1.0000000000000000     
   1.0000000000000000     
  0.72497281227012356     
  0.69857856481746705     
  0.65967540071487318     
  0.60204607519987041     
  0.51863313680463841     
  0.40706217086384500     
  0.28096795828285803     
  0.17232533785364521     
  0.10241251130691098     
   6.4820387787080019E-002
   4.5924899580420682E-002
   3.7054096362983228E-002
   3.4101550041034677E-002
   3.5563908835304935E-002
   4.1522578938841051E-002
   5.3372054004048063E-002
   7.3946241503624235E-002
  0.10768387500470462     
  0.16022444527275481     
  0.23661766120623859     
  0.33809724779032940     
  0.45941253845900426     
  0.58929399862179777     
  0.71379696092893641     
  0.82019785374306464     
  0.90021684805215962     
  0.95212017203575938     
  0.98053446232864949     
  0.99342070737256938     
  0.99818716194631163     
  0.99960199728288701     
  0.99993225090495541     
  0.99999133934560491     
  0.99999919828591988     
  0.99999994841594775     
  0.99999999779657378     
  0.99999999994064603     
  0.99999999999904809     
  0.99999999999999145     
   1.0000000000000000     
   1.0000000000000000     
   1.0000000000000000     
   1.0000000000000000     
   1.0000000000000000     
   1.0000000000000000     
   1.0000000000000000     
   1.0000000000000000     
   1.0000000000000000     
   1.0000000000000000     
   1.0000000000000000     
   1.0000000000000000     
  0.75099572147792171     
  0.73202422977528336     
  0.70487712739586206     
  0.66536161517513348     
  0.60713460478328596     
  0.52265360951088713     
  0.40902873641448351     
  0.28025552821250865     
  0.16993176232073212     
   9.9902450557835420E-002
   6.2824554843882371E-002
   4.4463906574483694E-002
   3.6027078740796137E-002
   3.3452719782869726E-002
   3.5331806262626303E-002
   4.1884630894488080E-002
   5.4722998469882954E-002
   7.7013692665533415E-002
  0.11362337903216482     
  0.17052034048900333     
  0.25255816872789366     
  0.35989972069109794     
  0.48564588779713980     
  0.61713966409815468     
  0.73990079174618550     
  0.84164234149518580     
  0.91539140264047791     
  0.96117285152060061     
  0.98499937388069492     
  0.99521286377351781     
  0.99876365637192177     
  0.99974777551978078     
  0.99996050868337449     
  0.99999541052619700     
  0.99999961885185684     
  0.99999997832382059     
  0.99999999919518423     
  0.99999999998150602     
  0.99999999999975220     
  0.99999999999999822     
   1.0000000000000000     
   1.0000000000000000     
   1.0000000000000000     
   1.0000000000000000     
   1.0000000000000000     
   1.0000000000000000     
   1.0000000000000000     
   1.0000000000000000     
   1.0000000000000000     
   1.0000000000000000     
   1.0000000000000000     
  0.77217171909836824     
  0.75798350569593931     
  0.73823944650900242     
  0.71048612023541835     
  0.67057733626879101     
  0.61192684271854769     
  0.52650192603221602     
  0.41088132292343055     
  0.27943894734449598     
  0.16747391442032100     
   9.7386405200676304E-002
   6.0853288862889855E-002
   4.3036288603115827E-002
   3.5035296440738155E-002
   3.2843742462503836E-002
   3.5155800074772724E-002
   4.2344538689784189E-002
   5.6263534548679633E-002
   8.0448436972886547E-002
  0.12022310992299261     
  0.18185116764236167     
  0.26983231684784159     
  0.38303191762546113     
  0.51279527636123867     
  0.64517717413655662     
  0.76538452588695594     
  0.86182939479247733     
  0.92906962260965598     
  0.96893175934660158     
  0.98861625793558805     
  0.99657743743593907     
  0.99917363322259478     
  0.99984382702970376     
  0.99997758887713106     
  0.99999764188975182     
  0.99999982511739360     
  0.99999999125503947     
  0.99999999971943010     
  0.99999999999453648     
  0.99999999999993938     
  0.99999999999999967     
   1.0000000000000000     
   1.0000000000000000     
   1.0000000000000000     
   1.0000000000000000     
   1.0000000000000000     
   1.0000000000000000     
   1.0000000000000000     
   1.0000000000000000     
   1.0000000000000000     
   1.0000000000000000     
  0.79008558529580875     
  0.77916677276046609     
  0.76419055094181443     
  0.74379400802165796     
  0.71563457241813966     
  0.67547996107537656     
  0.61651172101517271     
  0.53021572968160724     
  0.41263039464378376     
  0.27852157831675739     
  0.16495663844847860     
   9.4868928328598445E-002
   5.8909140716812400E-002
   4.1643078418480597E-002
   3.4079159756181553E-002
   3.2275405092361049E-002
   3.5038678399498445E-002
   4.2910456877072088E-002
   5.8013800896840509E-002
   8.4292790859889971E-002
  0.12755510126891068     
  0.19430581336613326     
  0.28849891674397132     
  0.40746809040134913     
  0.54073569016242884     
  0.67321561828558552     
  0.79005367900133106     
  0.88063399719286162     
  0.94124289485078383     
  0.97548422722711503     
  0.99149793618280457     
  0.99759734583352755     
  0.99945914318331663     
  0.99990561653414278     
  0.99998763274279556     
  0.99999882682242436     
  0.99999992267763593     
  0.99999999661875871     
  0.99999999990683275     
  0.99999999999847311     
  0.99999999999998612     
  0.99999999999999989     
   1.0000000000000000     
   1.0000000000000000     
   1.0000000000000000     
   1.0000000000000000     
   1.0000000000000000     
   1.0000000000000000     
   1.0000000000000000     
   1.0000000000000000     
   1.0000000000000000     
  0.80563212714758403     
  0.79712051187019894     
  0.78542183589572601     
  0.76976670263801528     
  0.74891199808413600     
  0.72048019032938804     
  0.68016306096084511     
  0.62093209001357519     
  0.53380667473667687     
  0.41427583496929610     
  0.27750446140596702     
  0.16238484730042924     
   9.2354698382023731E-002
   5.6994643253363703E-002
   4.0285248362943761E-002
   3.3159040173630284E-002
   3.1748550044607519E-002
   3.4983569492660724E-002
   4.3591634818860046E-002
   5.9996724497310444E-002
   8.8594523706401238E-002
  0.13569829388654039     
  0.20797491803461318     
  0.30860515484799522     
  0.43315907046561752     
  0.56931852116963544     
  0.70105144274712128     
  0.81371996192700524     
  0.89795630244092262     
  0.95193280550208137     
  0.98093356899644280     
  0.99375477399542378     
  0.99834512937692355     
  0.99965368561153056     
  0.99994438510388539     
  0.99999337183702819     
  0.99999943565142302     
  0.99999996710953609     
  0.99999999874933121     
  0.99999999997059241     
  0.99999999999959732     
  0.99999999999999700     
   1.0000000000000000     
   1.0000000000000000     
   1.0000000000000000     
   1.0000000000000000     
   1.0000000000000000     
   1.0000000000000000     
   1.0000000000000000     
   1.0000000000000000     
   1.0000000000000000     
  0.81933214922441366     
  0.81271044422160799     
  0.80344448591369744     
  0.79107024671598036     
  0.77493061278892816     
  0.75374863005409853     
  0.72511791647563983     
  0.68467411680815404     
  0.62520301454292437     
  0.53727301368133495     
  0.41581373179543168     
  0.27638861993036395     
  0.15976411462980833     
   8.9848623707720246E-002
   5.5112301174668379E-002
   3.8963687843385213E-002
   3.2275261958591241E-002
   3.1264075025155470E-002
   3.4993975559667156E-002
   4.4398568118278262E-002
   6.2238409503375801E-002
   9.3407458269077398E-002
  0.14473856638294641     
  0.22294887285651444     
  0.33018289929845857     
  0.46003004008698511     
  0.59837235705212743     
  0.72847239732999358     
  0.83620687921162828     
  0.91372556794265691     
  0.96118964378021499     
  0.98539401020932049     
  0.99549115648113473     
  0.99888256923665908     
  0.99978326911203874     
  0.99996808426705208     
  0.99999655441139712     
  0.99999973789434737     
  0.99999998656264766     
  0.99999999955829832     
  0.99999999999119582     
  0.99999999999990008     
  0.99999999999999944     
   1.0000000000000000     
   1.0000000000000000     
   1.0000000000000000     
   1.0000000000000000     
   1.0000000000000000     
   1.0000000000000000     
   1.0000000000000000     
   1.0000000000000000     
  0.83151392959555903     
  0.82644193885999007     
  0.81909877280583143     
  0.80917981876795519     
  0.79632554056636162     
  0.77983421347986981     
  0.75839864784526378     
  0.72959794202533823     
  0.68903180314077250     
  0.62932435872249426     
  0.54060757817482274     
  0.41723890396182789     
  0.27517573297587450     
  0.15710064174171287     
   8.7355780988969886E-002
   5.3264578762084978E-002
   3.7679214231612641E-002
   3.1428098603908106E-002
   3.0822947057887698E-002
   3.5073825922971189E-002
   4.5343179632218837E-002
   6.4768578952297345E-002
   9.8792080088370524E-002
  0.15476846062872016     
  0.23931520433763873     
  0.35324491728477836     
  0.48797885042583594     
  0.62770476290527177     
  0.75526204507671268     
  0.85735550674112659     
  0.92790295603202000     
  0.96908941556683792     
  0.98898544137498423     
  0.99680279889227141     
  0.99926091662696503     
  0.99986756691468059     
  0.99998218321435894     
  0.99999826499082545     
  0.99999988264923390     
  0.99999999473644174     
  0.99999999985134647     
  0.99999999999750544     
  0.99999999999997669     
  0.99999999999999989     
   1.0000000000000000     
   1.0000000000000000     
   1.0000000000000000     
   1.0000000000000000     
   1.0000000000000000     
   1.0000000000000000     
   1.0000000000000000     
  0.84240596690174685     
  0.83863753037254773     
  0.83287738169164838     
  0.82491164895310887     
  0.81453527864361874     
  0.80133574183073109     
  0.78456990716090247     
  0.76291206049952143     
  0.73394123043764070     
  0.69323954755548189     
  0.63328976113450630     
  0.54380112667454739     
  0.41854620750219412     
  0.27386822970738262     
  0.15440131223618928     
   8.4881421881073574E-002
   5.1453885009211185E-002
   3.6432553787710452E-002
   3.0617778275470364E-002
   3.0426203651890658E-002
   3.5227520466357062E-002
   4.6439012314292968E-002
   6.7621063525446723E-002
  0.10481612065758107     
  0.16588658149276456     
  0.25715534246980704     
  0.37778100556815725     
  0.51687507974390934     
  0.65710490025596491     
  0.78120519833828472     
  0.87703022396794050     
  0.94048292528764132     
  0.97572959945087889     
  0.99182841900960028     
  0.99777494055415583     
  0.99952159477839631     
  0.99992107023928001     
  0.99999033646739932     
  0.99999915491105029     
  0.99999994943093862     
  0.99999999802676143     
  0.99999999995242428     
  0.99999999999933264     
  0.99999999999999500     
   1.0000000000000000     
   1.0000000000000000     
   1.0000000000000000     
   1.0000000000000000     
   1.0000000000000000     
   1.0000000000000000     
   1.0000000000000000     
  0.85218178653396781     
  0.84952510961649397     
  0.84509881593579528     
  0.83874708531440623     
  0.83035304529103360     
  0.81965479582681644     
  0.80619048856368991     
  0.78918673536368344     
  0.76731069813115038     
  0.73815354702641545     
  0.69729378314318058     
  0.63709099296437233     
  0.54684417352229131     
  0.41973047659149543     
  0.27246936219341317     
  0.15167373148982610     
   8.2430924590045168E-002
   4.9682560631503357E-002
   3.5224347133167702E-002
   2.9844466491092708E-002
   3.0074956951522500E-002
   3.5459994055186989E-002
   4.7701453791424403E-002
   7.0834342417071455E-002
  0.11155509160224482     
  0.17819649963354581     
  0.27654070630809685     
  0.40375431624979330     
  0.54655997009545565     
  0.68634714281360087     
  0.80609383344868712     
  0.89512375743461203     
  0.95149294982850385     
  0.98122395998654621     
  0.99403973158297809     
  0.99848140404546326     
  0.99969722365947700     
  0.99995416719485575     
  0.99999491403163865     
  0.99999960241064034     
  0.99999997906112215     
  0.99999999929336691     
  0.99999999998555134     
  0.99999999999983191     
  0.99999999999999889     
   1.0000000000000000     
   1.0000000000000000     
   1.0000000000000000     
   1.0000000000000000     
   1.0000000000000000     
   1.0000000000000000     
  0.86098113663966591     
  0.85927995002162538     
  0.85599167747992222     
  0.85100199564312107     
  0.84425074293804447     
  0.83556324243910540     
  0.82462516589942059     
  0.81093685004699634     
  0.79370561737768053     
  0.77160073035094223     
  0.74223363710365986     
  0.70118917938023206     
  0.64071901707856105     
  0.54972695796281001     
  0.42078694367846731     
  0.27098319655117858     
  0.14892609942515014     
   8.0009775197748906E-002
   4.7952866623980572E-002
   3.4055134406954582E-002
   2.9108279130263544E-002
   2.9770398901250657E-002
   3.5776768538839224E-002
   4.9147989305088575E-002
   7.4452126532773139E-002
  0.11909270191668911     
  0.19180504756935085     
  0.29752832702426790     
  0.43109818490366847     
  0.57684749210709585     
  0.71519562958110328     
  0.82973356108011065     
  0.91156152726015294     
  0.96099152718957281     
  0.98569686187175221     
  0.99572878329872405     
  0.99898441617010081     
  0.99981282608164979     
  0.99997409966341455     
  0.99999740600624243     
  0.99999981959763662     
  0.99999999168347287     
  0.99999999975874954     
  0.99999999999584543     
  0.99999999999996025     
  0.99999999999999978     
   1.0000000000000000     
   1.0000000000000000     
   1.0000000000000000     
   1.0000000000000000     
   1.0000000000000000     
  0.86892077256470646     
  0.86804454631873307     
  0.86573374135504633     
  0.86190630220105280     
  0.85654247384439841     
  0.84952473506186799     
  0.84062590283748595     
  0.82949125971105842     
  0.81559456510132533     
  0.79813240892610426     
  0.77578179540467551     
  0.74617809577663186     
  0.70491971162687672     
  0.64416513695823374     
  0.55243954595095268     
  0.42171084512574697     
  0.26941464446759789     
  0.14616722017476130     
   7.7623536759298437E-002
   4.6266975444468186E-002
   3.2925364846154763E-002
   2.8409266546447792E-002
   2.9513807928409796E-002
   3.6184020357306813E-002
   5.0798478202878819E-002
   7.8523982194878286E-002
  0.12752108818252142     
  0.20681995038333464     
  0.32015595298557220     
  0.45971358336510387     
  0.60752632895812697     
  0.74340973212549355     
  0.85195010272234317     
  0.92630445884558710     
  0.96906457417005687     
  0.98927751156893273     
  0.99699493373739789     
  0.99933505243548626     
  0.99988709328299741     
  0.99998577318130910     
  0.99999871966425469     
  0.99999992117922065     
  0.99999999683721474     
  0.99999999992163668     
  0.99999999999887168     
  0.99999999999999112     
   1.0000000000000000     
   1.0000000000000000     
   1.0000000000000000     
   1.0000000000000000     
   1.0000000000000000     
  0.87609995921580863     
  0.87593806187309153     
  0.87447038812764200     
  0.87164068937104822     
  0.86746028069045478     
  0.86185301328558994     
  0.85465008387848695     
  0.84558404641920726     
  0.83427151538219635     
  0.82016860553950854     
  0.80246631294372206     
  0.77985104797177385     
  0.74998309545252861     
  0.70847970086172596     
  0.64742060621472619     
  0.55497200899066679     
  0.42249744501406511     
  0.26776937038551485     
  0.14340644236763911     
   7.5277816294529121E-002
   4.4626961976584029E-002
   3.1835385920563626E-002
   2.7747413629175308E-002
   2.9306544316886195E-002
   3.6688649724109366E-002
   5.2675460156205729E-002
   8.3105974388744147E-002
  0.13694075708595957     
  0.22334658101280958     
  0.34443691061143028     
  0.48946759285626945     
  0.63836312960342056     
  0.77075032127237975     
  0.87259570807168041     
  0.93935025170872832     
  0.97582044961229997     
  0.99209458506623782     
  0.99792581479188891     
  0.99957414440201287     
  0.99993361380188339     
  0.99999241350427315     
  0.99999938931755739     
  0.99999996689319748     
  0.99999999885046409     
  0.99999999997583433     
  0.99999999999971112     
  0.99999999999999822     
   1.0000000000000000     
   1.0000000000000000     
   1.0000000000000000     
   1.0000000000000000     
  0.88260425725395086     
  0.88306228838557110     
  0.88232371631188122     
  0.88035378179801826     
  0.87718823860962603     
  0.87278286435795938     
  0.86701194619167621     
  0.85966781963930339     
  0.85045480343856728     
  0.83897004629114524     
  0.82465761183317099     
  0.80670442295507427     
  0.78380520630072803     
  0.75364474470145315     
  0.71186325042483456     
  0.65047658599467706     
  0.55731407867130645     
  0.42314216223435319     
  0.26605366838244665     
  0.14065357242706658     
   7.2978228063187420E-002
   4.3034799622838772E-002
   3.0785448370187433E-002
   2.7122636789033826E-002
   2.9150050034217615E-002
   3.7298345616017414E-002
   5.4804489531340872E-002
   8.8261305783625885E-002
  0.14746012418949256     
  0.24148388359018452     
  0.37035512953105287     
  0.52019303827936780     
  0.66910694051879371     
  0.79698674996821950     
  0.89155473310828459     
  0.95073273608264575     
  0.98138406086384389     
  0.99427157804841937     
  0.99859657763792320     
  0.99973348263226169     
  0.99996199593042490     
  0.99999607771183374     
  0.99999971894351392     
  0.99999998665469636     
  0.99999999960147734     
  0.99999999999294065     
  0.99999999999993050     
  0.99999999999999967     
   1.0000000000000000     
   1.0000000000000000     
   1.0000000000000000     
  0.88850761408186629     
  0.88950458991525350     
  0.88939796429455853     
  0.88817077028689984     
  0.88587832422614210     
  0.88250205387183678     
  0.87794964586182367     
  0.87205831141799117     
  0.86459369609780012     
  0.85524137631600194     
  0.84358491588207429     
  0.82905822990273881     
  0.81084325451129657     
  0.78764106752597618     
  0.75715922662067425     
  0.71506487087135906     
  0.65332419606938796     
  0.55945533962139338     
  0.42364002348701718     
  0.26427448887877752     
  0.13791881034884840     
   7.0730363330151161E-002
   4.1492354568001974E-002
   2.9775709783287304E-002
   2.6534777979300418E-002
   2.9045846143744135E-002
   3.8021660489353459E-002
   5.7214493987960309E-002
   9.4060928703543378E-002
  0.15919452864568692     
  0.26131943188835777     
  0.39786049782799388     
  0.55168950493176372     
  0.69949477682105332     
  0.82190421130028024     
  0.90874819137013063     
  0.96051925477182321     
  0.98589051412054374     
  0.99592310699427156     
  0.99906993428717739     
  0.99983716785209997     
  0.99997884247116486     
  0.99999803658764552     
  0.99999987538209523     
  0.99999999484652802     
  0.99999999986848398     
  0.99999999999805111     
  0.99999999999998435     
  0.99999999999999989     
   1.0000000000000000     
   1.0000000000000000     
  0.89387474526412425     
  0.89534093267494419     
  0.89578286562214482     
  0.89519845193677072     
  0.89365899070683652     
  0.89116640967675098     
  0.88765521270830994     
  0.88299797111292311     
  0.87700682832134969     
  0.86943040330315902     
  0.85994147050226732     
  0.84811228604942945     
  0.83336652848496096     
  0.81487943311590560     
  0.79135535481487296     
  0.76052285319162183     
  0.71807873345180417     
  0.65595460230343483     
  0.56138481648361382     
  0.42398594154222935     
  0.26243901984210793     
  0.13521262733889186     
   6.8539749531138006E-002
   4.0001386457662998E-002
   2.8806236173576662E-002
   2.5983599422361562E-002
   2.8995522010187170E-002
   3.8868079150959883E-002
   5.9938151280856423E-002
  0.10058405660468454     
  0.17226452665771039     
  0.28292365461008162     
  0.42686502938077425     
  0.58372586488872458     
  0.72925819374874723     
  0.84531113470137820     
  0.92413670899358025     
  0.96880634033200985     
  0.98947881677268612     
  0.99715230102444485     
  0.99939683025572879     
  0.99990298305571779     
  0.99998855946101384     
  0.99999904974534248     
  0.99999994685417870     
  0.99999999809706031     
  0.99999999995877409     
  0.99999999999949285     
  0.99999999999999667     
   1.0000000000000000     
   1.0000000000000000     
  0.89876221701711201     
  0.90063734737525247     
  0.90155611019637416     
  0.90152888051768898     
  0.90063986932744333     
  0.89890760947051151     
  0.89628849514077147     
  0.89268332984513088     
  0.88794135716415534     
  0.88185944293127450     
  0.87417502524338353     
  0.86455072589293935     
  0.85254792967998017     
  0.83757877641879730     
  0.81880951219747355     
  0.79494480128072287     
  0.76373176680746069     
  0.72089929739144931     
  0.65835862992217242     
  0.56309121396823447     
  0.42417430582137311     
  0.26055467232035340     
  0.13254556315838742     
   6.6411813017575747E-002
   3.8563545704043564E-002
   2.7877011328388462E-002
   2.5468780319333521E-002
   2.9000720993055631E-002
   3.9848086281790429E-002
   6.3012281116105462E-002
  0.10791853137674787     
  0.18679336837330293     
  0.30634351457188935     
  0.45724033014775251     
  0.61604428864517624     
  0.75813080900323482     
  0.86704619371303748     
  0.93772147551453677     
  0.97571394497537778     
  0.99228613197253823     
  0.99804926960394502     
  0.99961756246788858     
  0.99994369257583604     
  0.99999399912649733     
  0.99999955600204216     
  0.99999997823676423     
  0.99999999932941575     
  0.99999999998775413     
  0.99999999999987588     
  0.99999999999999933     
   1.0000000000000000     
  0.90321959145105202     
  0.90545163441279719     
  0.90678535488317358     
  0.90724173413883868     
  0.90691530546362942     
  0.90583824398521140     
  0.90398464757200070     
  0.90127850382377606     
  0.89759882754435349     
  0.89278118966171394     
  0.88661290865711706     
  0.87882308638895035     
  0.86906477625067524     
  0.85688781496768529     
  0.84169132519140899     
  0.82263017388779147     
  0.79840615238986445     
  0.76678220814657727     
  0.72352081032737181     
  0.66052710400902115     
  0.56456256226370727     
  0.42419862847997808     
  0.25862866949959701     
  0.12992811199759752     
   6.4351817890518206E-002
   3.7180374797617224E-002
   2.6987941757643151E-002
   2.4989915390643592E-002
   2.9063129481660847E-002
   4.0973233496450129E-002
   6.6478241038924038E-002
  0.11616098008274472     
  0.20290349372364869     
  0.33159597782313804     
  0.48881658645941989     
  0.64836583386939173     
  0.78585644348209049     
  0.88698451871914474     
  0.94954310293386468     
  0.98137872551583027     
  0.99444291028788689     
  0.99869055783161109     
  0.99976316395170650     
  0.99996820283486187     
  0.99999695081753803     
  0.99999980003070865     
  0.99999999145787488     
  0.99999999977497767     
  0.99999999999656097     
  0.99999999999996969     
  0.99999999999999967     
  0.90729075702650031     
  0.90983457296967585     
  0.91152978379307004     
  0.91240621981509307     
  0.91256701734448686     
  0.91205523124635735     
  0.91085943474137232     
  0.90892251267673962     
  0.90614796253049157     
  0.90240255672876579     
  0.89751385717724896     
  0.89126249811270541     
  0.88336995951189023     
  0.87347939304201039     
  0.86112810469557288     
  0.84570065642840253     
  0.82633809231199062     
  0.80173611728207039     
  0.76967022581271438     
  0.72593733075815670     
  0.66245037822085617     
  0.56578621606423918     
  0.42405144897125657     
  0.25666756184590189     
  0.12737046769341964     
   6.2364808164195255E-002
   3.5853307175162615E-002
   2.6138879172675496E-002
   2.4546519186409030E-002
   2.9184457879248775E-002
   4.2256199825863539E-002
   7.0382319432914189E-002
  0.12541661275349061     
  0.22071199707612452     
  0.35866166184376869     
  0.52138347252200068     
  0.68039736289427122     
  0.81219754815841660     
  0.90504236100069591     
  0.95967833367035471     
  0.98594700706016036     
  0.99606914711358652     
  0.99913942991972737     
  0.99985689690586810     
  0.99998255038833872     
  0.99999850120329636     
  0.99999991332838911     
  0.99999999679292439     
  0.99999999992825961     
  0.99999999999903588     
  0.99999999999998135     
  0.91101432291147078     
  0.91383065652753859     
  0.91584111976995086     
  0.91708291838749845     
  0.91766602952044352     
  0.91764233314341837     
  0.91701229651191374     
  0.91573424709535467     
  0.91373175485693636     
  0.91089717487808908     
  0.90709060969128397     
  0.90213444199164239     
  0.89580347921246672     
  0.88781129722081542     
  0.87779064015394603     
  0.86526520017483588     
  0.84960340937420453     
  0.82993014646874619     
  0.80493141974827764     
  0.77239180822799447     
  0.72814292770939060     
  0.66411846484565917     
  0.56674848811508494     
  0.42372380140198102     
  0.25467688620623796     
  0.12488222290835338     
   6.0455529958622099E-002
   3.4583666805328019E-002
   2.5329627669137583E-002
   2.4138029863138153E-002
   2.9366429188170992E-002
   4.3710859963992779E-002
   7.4776115064036544E-002
  0.13579863867717673     
  0.24032502588172552     
  0.38747936436131308     
  0.55469318676991619     
  0.71183964351111728     
  0.83694350154905572     
  0.92117990797522176     
  0.96823481157730451     
  0.98956794168000262     
  0.99727185575405886     
  0.99944677901503098     
  0.99991572708013854     
  0.99999070597578277     
  0.99999928838587560     
  0.99999996391718471     
  0.99999999885078505     
  0.99999999997717770     
  0.99999999999937350     
  0.91442457020285284     
  0.91747939262451161     
  0.91976489119631955     
  0.92132470059904314     
  0.92227410992453818     
  0.92267229018191066     
  0.92252923659897557     
  0.92181594545983037     
  0.92047250092821786     
  0.91841222665094524     
  0.91552197127706769     
  0.91165789948293707     
  0.90663804112205004     
  0.90023131566336601     
  0.89214300822539971     
  0.88199474978014103     
  0.86929564200119047     
  0.85339636189323564     
  0.83340305643486989     
  0.80798873307806973     
  0.77494288386404764     
  0.73013123974569072     
  0.66552085136299188     
  0.56743459932731810     
  0.42320476370618437     
  0.25266031435892106     
  0.12247201139453631     
   5.8628326260112246E-002
   3.3372657885777687E-002
   2.4559971515031472E-002
   2.3763831236412864E-002
   2.9610773262440850E-002
   4.5352360150049960E-002
   7.9716916295253390E-002
  0.14742715575979648     
  0.26183139455361826     
  0.41794196754425728     
  0.58846536260800153     
  0.74239635159144701     
  0.85991830410957215     
  0.93540186671960335     
  0.97534442687544909     
  0.99238739041111113     
  0.99814371820105208     
  0.99965246276436626     
  0.99995168685995950     
  0.99999520208009651     
  0.99999967421708214     
  0.99999998560200021     
  0.99999999958926156     
  0.99999999998444844     
  0.91755186816523260     
  0.92081551966198005     
  0.92334125673743239     
  0.92517806131019964     
  0.92644549613708616     
  0.92720843362038463     
  0.92748475237250039     
  0.92725583186392224     
  0.92647517750740538     
  0.92507353223796029     
  0.92295957891080971     
  0.92001717110940806     
  0.91609945870364229     
  0.91102011951782380     
  0.90454194123947695     
  0.89636146640978720     
  0.88608841116886283     
  0.87321631630044749     
  0.85707645571017399     
  0.83675380705140556     
  0.81090457323797116     
  0.77731907456612337     
  0.73189568550939710     
  0.66664648895709366     
  0.56782836749209931     
  0.42248081693162187     
  0.25061912824097787     
  0.12014704494668096     
   5.6887003836492790E-002
   3.2221353637295197E-002
   2.3829700533002322E-002
   2.3423285963802120E-002
   2.9919249910579235E-002
   4.7197229432085860E-002
   8.5268076830397693E-002
  0.16042746256245208     
  0.28529551633364830     
  0.44989429979572981     
  0.62239410467057343     
  0.77178343585232845     
  0.88098690303054084     
  0.94775562478944908     
  0.98115579401278341     
  0.99454289291476827     
  0.99876277494707411     
  0.99978686789150506     
  0.99997306937064356     
  0.99999760321970055     
  0.99999985649164602     
  0.99999999427211728     
  0.99999999970765818     
  0.92042325410917947     
  0.92386989345323145     
  0.92660560501593758     
  0.92868381085087881     
  0.93022751621552036     
  0.93130610395177249     
  0.93194374604811347     
  0.93213032299852150     
  0.93183046033790329     
  0.93098910944803104     
  0.92953290594962223     
  0.92736854459969487     
  0.92437778069086285     
  0.92041073729990253     
  0.91527660951677436     
  0.90873167805309363     
  0.90046323154429864     
  0.89006851038243373     
  0.87702423007410035     
  0.86064076587107197     
  0.83997927986702581     
  0.81367545759667437     
  0.77951573058248436     
  0.73342909726789507     
  0.66748335462973740     
  0.56791188556384387     
  0.42153543630812618     
  0.24855105751041309     
  0.11791262108912555     
   5.5234665781571213E-002
   3.1130666939460320E-002
   2.3138638950964664E-002
   2.3115788004715813E-002
   3.0293700179940129E-002
   4.9263552918713524E-002
   9.1499430662400447E-002
  0.17492775433912111     
  0.31075034065108575     
  0.48313340990764037     
  0.65615640230915584     
  0.79973861879650054     
  0.90005991300912336     
  0.95832706641780163     
  0.98582648982860555     
  0.99615992146543686     
  0.99919296747297071     
  0.99987254372820666     
  0.99998542600863027     
  0.99999884382652848     
  0.99999993700076217     
  0.99999999575767229     
  0.92306283364580310     
  0.92666988898236757     
  0.92958922164235180     
  0.93187804759454862     
  0.93366187015881796     
  0.93501370327127831     
  0.93596275103064275     
  0.93650586434129723     
  0.93661675375494768     
  0.93625200185211110     
  0.93535315359029947     
  0.93384542500533319     
  0.93163416017867040     
  0.92859925156312717     
  0.92458767264281427     
  0.91940385060136698     
  0.91279720988601132     
  0.90444539444111260     
  0.89393228542749226     
  0.88071680565278199     
  0.86408654900115600     
  0.84307646596540198     
  0.81629772031641634     
  0.78152801764860780     
  0.73472390649717989     
  0.66801855486361428     
  0.56766513752357206     
  0.42034797510775046     
  0.24644936829604264     
  0.11577136935178990     
   5.3673479540580826E-002
   3.0101308036460165E-002
   2.2486677701304188E-002
   2.2840842070842009E-002
   3.0736161970231657E-002
   5.1571263765160635E-002
   9.8487828628110188E-002
  0.19105623057328436     
  0.33819066628239353     
  0.51741138626528016     
  0.68942185886895646     
  0.82603030236491515     
  0.91709599818489274     
  0.96723446346747988     
  0.98951573428972428     
  0.99734948998821482     
  0.99948531013404485     
  0.99992577763955759     
  0.99999235881961479     
  0.99999944442029365     
  0.99999995161431188     
  0.92549203023073534     
  0.92923990888314600     
  0.93231993194649299     
  0.93479254877195594     
  0.93678517670956085     
  0.93837367654433934     
  0.93959122144046137     
  0.94044029175376664     
  0.94090203003477824     
  0.94094267814503385     
  0.94051585043048069     
  0.93956214350445910     
  0.93800614230968238     
  0.93575203688830122     
  0.93267762360762929     
  0.92862664908887615     
  0.92339864222129608     
  0.91673572551805393     
  0.90830537327578487     
  0.89767733606676781     
  0.88429154206465632     
  0.86741127310768162     
  0.84604230975153361     
  0.81876750076181526     
  0.78335057785555218     
  0.73577176496166952     
  0.66823801953448814     
  0.56706563922171693     
  0.41889326813399957     
  0.24430156521975221     
  0.11372255021585592     
   5.2204405845492768E-002
   2.9133721028575605E-002
   2.1873812103425847E-002
   2.2598176776347720E-002
   3.1249072352410617E-002
   5.4142626381950130E-002
  0.10631787837344546     
  0.20893769699312884     
  0.36756764764521721     
  0.55244066376112522     
  0.72186285472787082     
  0.85046538080918166     
  0.93210180037684898     
  0.97462088704561467     
  0.99237800246415953     
  0.99820708327151042     
  0.99967947765887211     
  0.99995799785373152     
  0.99999601075936795     
  0.99999955894750603     
  0.92773019151367175     
  0.93160165059051481     
  0.93482240985318399     
  0.93745547633292714     
  0.93962983010319723     
  0.94142329699392147     
  0.94287240218637547     
  0.94398402450504937     
  0.94474548751234211     
  0.94513078834858899     
  0.94510359338127570     
  0.94461701393640940     
  0.94361137817587193     
  0.94201083192243107     
  0.93971828923225653     
  0.93660953907192468     
  0.93252478787275661     
  0.92725834400915819     
  0.92054483942365917     
  0.91204097523661465     
  0.90130153134011515     
  0.88774635261575963     
  0.87061241166084047     
  0.84887378934101732     
  0.82108082427370987     
  0.78497752628680606     
  0.73656353612359815     
  0.66812606343175873     
  0.56608804657351164     
  0.41714037358040112     
  0.24208825115733509     
  0.11176113512533212     
   5.0826855924808116E-002
   2.8227991702899490E-002
   2.1300169403125725E-002
   2.2387894293934479E-002
   3.1835588373662321E-002
   5.7003010641538371E-002
  0.11508304661458928     
  0.22868986237211528     
  0.39878476277678671     
  0.58790133133967748     
  0.75316497265142512     
  0.87289550381126257     
  0.94512921076233436     
  0.98064598904801559     
  0.99455811003159933     
  0.99881278874336410     
  0.99980549404433350     
  0.99997634225835552     
  0.99999673650796750     
  0.92979446821788314     
  0.93377449536500967     
  0.93711851679874425     
  0.93989186507975975     
  0.94222433876788869     
  0.94419549319111584     
  0.94584425335896671     
  0.94718121328587845     
  0.94819856126705271     
  0.94887681645616107     
  0.94918771814340652     
  0.94909467352616117     
  0.94855093733783291     
  0.94749682578322991     
  0.94585588158664258     
  0.94352985845271153     
  0.94039217722120494     
  0.93627955822041153     
  0.93098080520909743     
  0.92422264455794800     
  0.91565041051446572     
  0.90480314739109180     
  0.89107929440828659     
  0.87368767583768792     
  0.85156781655894209     
  0.82323325218494525     
  0.78640251184189247     
  0.73708896228820053     
  0.66766536291316259     
  0.56470352183744121     
  0.41505198015063638     
  0.23978165639595958     
  0.10987686205579195     
   4.9538294938022885E-002
   2.7383727336526092E-002
   2.0766040980892530E-002
   2.2210658318100134E-002
   3.2500061061260563E-002
   6.0182081732938215E-002
  0.12488730437574942     
  0.25041932026664659     
  0.43169584310645975     
  0.62345012612365391     
  0.78303665219088381     
  0.89322106959838421     
  0.95627042694372033     
  0.98547826892903045     
  0.99618824701778119     
  0.99923203888226952     
  0.99988256893364413     
  0.99998011224512784     
  0.93170029310109037     
  0.93577576290180275     
  0.93922789124706341     
  0.94212378950962139     
  0.94459398754344270     
  0.94671915946815233     
  0.94854013368903589     
  0.95007043311063832     
  0.95130623588155649     
  0.95223328328688484     
  0.95283004624266343     
  0.95306821312331513     
  0.95291163268396384     
  0.95231386317150224     
  0.95121518723676235     
  0.94953849375667976     
  0.94718424024051084     
  0.94402346207929300     
  0.93988911480438719     
  0.93456441605430884     
  0.92776764076762530     
  0.91913232201001660     
  0.90818075392042563     
  0.89428868802993666     
  0.87663482069223098     
  0.85412119222392546     
  0.82522006295274453     
  0.78761824311838424     
  0.73733652634927571     
  0.66683631042077507     
  0.56287930412921183     
  0.41258337394403549     
  0.23734464584799667     
  0.10805326908693356     
   4.8333803886396208E-002
   2.6599907734277676E-002
   2.0271890416441101E-002
   2.2067918406487894E-002
   3.3248696478560658E-002
   6.3715550372723556E-002
  0.13584746903761188     
  0.27421746431015270     
  0.46610506401975316     
  0.65872995058779671     
  0.81121777417544827     
  0.91139299988412803     
  0.96565243261830613     
  0.98928972474700394     
  0.99738602357238493     
  0.99950600844617055     
  0.99989882768249605     
  0.93346159222055169     
  0.93762100783552127     
  0.94116790491666225     
  0.94417102701547861     
  0.94676123521747513     
  0.94901992547134528     
  0.95098943978225947     
  0.95268553233082398     
  0.95410772664799004     
  0.95524597079359319     
  0.95608412875866366     
  0.95660078324879838     
  0.95676833455780352     
  0.95655109359700141     
  0.95590295072781573     
  0.95476400969418351     
  0.95305657067909255     
  0.95067967467353842     
  0.94750187315708356     
  0.94335226500246905     
  0.93800806732573350     
  0.93117890236541279     
  0.92248569125337776     
  0.91143323012071387     
  0.89737304671596152     
  0.87945171441824921     
  0.85653057017868295     
  0.82703606715321876     
  0.78861660770952935     
  0.73729309675115862     
  0.66561675793442343     
  0.56057807834912343     
  0.40968199306199132     
  0.23472973599862465     
  0.10626687827699167     
   4.7205644638532065E-002
   2.5874717123503994E-002
   1.9818357445712791E-002
   2.1962163529892362E-002
   3.4090423281423282E-002
   6.7647627718696465E-002
  0.14809635281292882     
  0.30015609847056091     
  0.50176829452712191     
  0.69337925549983481     
  0.83748675928895144     
  0.92741490741385302     
  0.97343525547260257     
  0.99225142192198568     
  0.99821840301929354     
  0.99956491704155548     
  0.93509084480603910     
  0.93932408449915172     
  0.94295416111294295     
  0.94605111816186893     
  0.94874586263252147     
  0.95112035168833853     
  0.95321797629412874     
  0.95505631925826306     
  0.95663743438692184     
  0.95795474493201005     
  0.95899658861584136     
  0.95974706087977180     
  0.96018553107835802     
  0.96028508918337763     
  0.96001058543960349     
  0.95931611845205711     
  0.95814167820193241     
  0.95640885221114835     
  0.95401513915951142     
  0.95082664020052932     
  0.94666830718994466     
  0.94131122698502157     
  0.93445585347421278     
  0.92570998536242366     
  0.91455978807408111     
  0.90033111069170413     
  0.88213615583908866     
  0.85879241922882321     
  0.82867542306223940     
  0.78938824079446979     
  0.73694353303421634     
  0.66398136980767231     
  0.55775726989028396     
  0.40628665997191465     
  0.23187878252197755     
  0.10448665718859862     
   4.6142878396379122E-002
   2.5205370753873579E-002
   1.9406238005410966E-002
   2.1897188368032061E-002
   3.5037977798662849E-002
   7.2034314567566982E-002
  0.16178666887622623     
  0.32828208835181932     
  0.53839482637745439     
  0.72704070367363005     
  0.86167165107584043     
  0.94135529063113954     
  0.97981202408433088     
  0.99443206714319121     
  0.99839971861629817     
  0.93659929249347973     
  0.94089757619269676     
  0.94460068062641844     
  0.94777971587617960     
  0.95056563166802377     
  0.95304054311828756     
  0.95524863853089825     
  0.95720888014976679     
  0.95892539333041593     
  0.96039445235697529     
  0.96160789294627547     
  0.96255441248664331     
  0.96321895765158683     
  0.96358172422950972     
  0.96361648360396357     
  0.96328858437636855     
  0.96255232361246879     
  0.96134744698501973     
  0.95959480267186914     
  0.95719035731039581     
  0.95399756354677556     
  0.94983718134850925     
  0.94447385422575891     
  0.93759848118437505     
  0.92880496298546300     
  0.91755986954328661     
  0.90316174295673957     
  0.88468604437408571     
  0.86090278319385738     
  0.83013157548439120     
  0.78992237176691826     
  0.73627038568385528     
  0.66190104372174785     
  0.55436876077430530     
  0.40232793315301391     
  0.22872344789107055     
  0.10267396816210911     
   4.5131136654036605E-002
   2.4587962744809705E-002
   1.9036448711053793E-002
   2.1878359258725767E-002
   3.6109194685161064E-002
   7.6947574514064893E-002
  0.17709494939940640     
  0.35860936846265973     
  0.57564907470931936     
  0.75937902335778618     
  0.88368622024614629     
  0.95336914819130381     
  0.98477274764528178     
  0.99491099521405246     
  0.93799712277336955     
  0.94235265456121320     
  0.94611988858344220     
  0.94937088679540638     
  0.95223627091236418     
  0.95479829845221120     
  0.95710161068926247     
  0.95916629422577382     
  0.96099809949771153     
  0.96259553714786739     
  0.96395337589330932     
  0.96506394415414609     
  0.96591679107402240     
  0.96649776695371503     
  0.96678790673169479     
  0.96676159414659812     
  0.96638461195508307     
  0.96561136790224733     
  0.96438139724219196     
  0.96261471420423028     
  0.96020574007436321     
  0.95701516456629410     
  0.95285942366822496     
  0.94749642970507508     
  0.94060708840494134     
  0.93177078644121070     
  0.92043321735599259     
  0.90586395062149738     
  0.88709905218238994     
  0.86285732900454981     
  0.83139686308700278     
  0.79020643656770784     
  0.73525318371794102     
  0.65934233004274034     
  0.55035799517124051     
  0.39772836065621031     
  0.22518669439649569     
  0.10078329877896081     
   4.4152654799081203E-002
   2.4017378729424204E-002
   1.8709985673120211E-002
   2.1912855923087615E-002
   3.7328452126024571E-002
   8.2480208892231788E-002
  0.19422385718439347     
  0.39110764618992966     
  0.61316779044440628     
  0.79014963190982068     
  0.90359828611815185     
  0.96322305050385237     
  0.98586771158033570     
  0.93929351278918249     
  0.94369949561974453     
  0.94752310884303281     
  0.95083708597490169     
  0.95377182108136982     
  0.95640938021749478     
  0.95879477714101247     
  0.96094888877183116     
  0.96287875977253434     
  0.96458465908612379     
  0.96606379851898472     
  0.96731136937949236     
  0.96832064973143284     
  0.96908212631216395     
  0.96958258317657886     
  0.96980373218510063     
  0.96972052028545697     
  0.96929911821503056     
  0.96849403333097195     
  0.96724448441289146     
  0.96546970699488099     
  0.96306241850076035     
  0.95988059574217499     
  0.95573610383940910     
  0.95037993991752501     
  0.94348254272038934     
  0.93460793512334372     
  0.92317978900303155     
  0.90843676584206390     
  0.88937274843139869     
  0.86465120334101830     
  0.83246253311013252     
  0.79022564781993399     
  0.73386794744968509     
  0.65626641102376482     
  0.54566388744143235     
  0.39240379795391217     
  0.22118559990504946     
   9.8763941108385406E-002
   4.3186686916905380E-002
   2.3487313817832988E-002
   1.8427882304467177E-002
   2.2009863558266098E-002
   3.8728130303067015E-002
   8.8750811609962926E-002
  0.21340189664461243     
  0.42570828503854963     
  0.65066507716169519     
  0.81934305438677535     
  0.92078413973529805     
  0.96540293575217151     
  0.94049678041485563     
  0.94494725526516299     
  0.94882039876691326     
  0.95218959966471461     
  0.95518481654409382     
  0.95788788359442090     
  0.96034402267121788     
  0.96257463092424245     
  0.96458778748562946     
  0.96638521904552821     
  0.96796599934967686     
  0.96932774737982208     
  0.97046666762260636     
  0.97137700478987321     
  0.97205016332158789     
  0.97247368782585153     
  0.97262994200096275     
  0.97249442366060779     
  0.97203356736485780     
  0.97120196768274925     
  0.96993853303606858     
  0.96816158756045967     
  0.96576226262507181     
  0.96259561311692399     
  0.95846888169057121     
  0.95312584862863947     
  0.94622598034688032     
  0.93731717967405359     
  0.92579970583456217     
  0.91087925996905139     
  0.89150436276749301     
  0.86627864387322229     
  0.83331828716705747     
  0.78996256675190135     
  0.73208642122172884     
  0.65262869097061504     
  0.54021858020022762     
  0.38626555675758206     
  0.21663563476506084     
   9.6562870358481448E-002
   4.2210402225275008E-002
   2.2990440417341905E-002
   1.8191184553094413E-002
   2.2180673498769711E-002
   4.0349947269142039E-002
   9.5909844863292487E-002
  0.23490154730801258     
  0.46243387428430827     
  0.68817756360556737     
  0.84582381689124364     
  0.92457324589567946     
  0.94161447993198644     
  0.94610418439726973     
  0.95002089064136253     
  0.95343850496525862     
  0.95648647057636516     
  0.95924636720921874     
  0.96176341577812186     
  0.96405939249069561     
  0.96614320123637887     
  0.96801770440834745     
  0.96968348473476484     
  0.97114009465103934     
  0.97238613086449555     
  0.97341882419465708     
  0.97423330157753740     
  0.97482177600628239     
  0.97517250313488324     
  0.97526843726319379     
  0.97508549025411373     
  0.97459041129910873     
  0.97373774600078322     
  0.97246612704755253     
  0.97069298055082032     
  0.96830774093614003     
  0.96516255214929236     
  0.96105989937144565     
  0.95573602477716235     
  0.94883898278710666     
  0.93989957573149474     
  0.92829322603548114     
  0.91319037769192557     
  0.89349076044710396     
  0.86773301950424797     
  0.83395189149842375     
  0.78939665435204320     
  0.72987546760413813     
  0.64837772514815106     
  0.53394754392047827     
  0.37922351807376470     
  0.21145646222855857     
   9.4128652107230273E-002
   4.1200333382595378E-002
   2.2518782869618705E-002
   1.8000984217620059E-002
   2.2438834537387559E-002
   4.2247728934035653E-002
  0.10416452823266126     
  0.25918639458967851     
  0.50172625513981794     
  0.72404091616488109     
  0.85153097358439800     
  0.94265341038863359     
  0.94717772942083223     
  0.95113277128531581     
  0.95459284147705348     
  0.95768683579036562     
  0.96049601829752962     
  0.96306546452985986     
  0.96541726908397707     
  0.96756090182887755     
  0.96950016768854885     
  0.97123681715397225     
  0.97277199598649966     
  0.97410619978235602     
  0.97523906364781132     
  0.97616872275096733     
  0.97689108866725594     
  0.97739911184191952     
  0.97768165161818288     
  0.97772216305574045     
  0.97749695837506057     
  0.97697298158351464     
  0.97610480101194363     
  0.97483065816811032     
  0.97306713583032545     
  0.97070196783447205     
  0.96758431715133786     
  0.96351176189336274     
  0.95821279305298290     
  0.95132342586136087     
  0.94235639573456620     
  0.93066070944985868     
  0.91536891361981210     
  0.89532815141152222     
  0.86900647447895252     
  0.83434899117937777     
  0.78850345758715645     
  0.72719618993382784     
  0.64345478604566386     
  0.52677047165721003     
  0.37119043899714055     
  0.20557887869171013     
   9.1416457066812021E-002
   4.0134413575488158E-002
   2.2064405629699795E-002
   1.7858781090911421E-002
   2.2801740990307778E-002
   4.4502260044524608E-002
  0.11389217272630313     
  0.28722223731003232     
  0.54165199157852573     
  0.73090724412839880     
  0.94361980574856763     
  0.94817468918005143     
  0.95216345133077174     
  0.95566076131978783     
  0.95879494333922777     
  0.96164682084982578     
  0.96426136069227464     
  0.96666076520598088     
  0.96885495236262065     
  0.97084845898093108     
  0.97264404085449130     
  0.97424402040462221     
  0.97565050288942234     
  0.97686501409836790     
  0.97788806357273927     
  0.97871857999987311     
  0.97935321889174254     
  0.97978552890397053     
  0.98000487102449219     
  0.97999514039350766     
  0.97973299262403057     
  0.97918552020630034     
  0.97830730419974732     
  0.97703622789541900     
  0.97528799486173967     
  0.97294864385195734     
  0.96986432175528703     
  0.96582759153442876     
  0.96055881284809974     
  0.95368144301568525     
  0.94468908308130628     
  0.93290244157914182     
  0.91741338901314518     
  0.89701207979634101     
  0.87008957124079378     
  0.83449241545643460     
  0.78725430445265454     
  0.72400327592686697     
  0.63779358596460167     
  0.51860266553697232     
  0.36208749504125792     
  0.19895279446611167     
   8.8393654151987702E-002
   3.8994540278375692E-002
   2.1620567467154420E-002
   1.7767970113294559E-002
   2.3298145047825382E-002
   4.7268872809616953E-002
  0.12574409139391066     
  0.31709934201355394     
  0.54490927992658589     
  0.94451936028018357     
  0.94910121948062498     
  0.95311968415143289     
  0.95664963163263017     
  0.95981889689768041     
  0.96270777641602812     
  0.96536102793604217     
  0.96780095431473279     
  0.97003779868295648     
  0.97207661484187180     
  0.97392095765242148     
  0.97557417707948246     
  0.97703956630992006     
  0.97832024570917453     
  0.97941861667225050     
  0.98033598337276862     
  0.98107195478018161     
  0.98162376761875758     
  0.98198549993481299     
  0.98214693817487309     
  0.98209234381985677     
  0.98179863577122672     
  0.98123307226256806     
  0.98035020456484057     
  0.97908757515514644     
  0.97736004598898751     
  0.97505195392964994     
  0.97200641025977663     
  0.96801078572006938     
  0.96277707903376020     
  0.95591543012684033     
  0.94689915657759327     
  0.93501868292748647     
  0.91932187679813482     
  0.89853705809557016     
  0.87097112599286186     
  0.83436195159566617     
  0.78561547277414900     
  0.72024460010697156     
  0.63132013130034392     
  0.50935746177683572     
  0.35185098073212479     
  0.19155507754173742     
   8.5044645538848371E-002
   3.7768460123833530E-002
   2.1182244982924165E-002
   1.7735043625460901E-002
   2.3971269330432782E-002
   5.0664588219106084E-002
  0.13740042301597963     
  0.30743015668783408     
  0.94535721249626026     
  0.94996286749147407     
  0.95400748491360432     
  0.95756612414446540     
  0.96076598034778560     
  0.96368690014368097     
  0.96637339064071459     
  0.96884776444736942     
  0.97112043986611829     
  0.97319697186676157     
  0.97508149974936553     
  0.97677817759089802     
  0.97829131503050915     
  0.97962524822847474     
  0.98078392398331427     
  0.98177052856171110     
  0.98258703437179884     
  0.98323360998907283     
  0.98370797433309343     
  0.98400459415665742     
  0.98411364495369258     
  0.98401964268877939     
  0.98369976243042023     
  0.98312140631337652     
  0.98223908405891680     
  0.98099004322941152     
  0.97928832039575686     
  0.97701656559258310     
  0.97401483389589771     
  0.97006519396651247     
  0.96487084331133233     
  0.95802796569385118     
  0.94898820516458182     
  0.93700942018809852     
  0.92109188968401701     
  0.89989644106727107     
  0.87163782628704456     
  0.83393387710710065     
  0.78354792683059127     
  0.71586067114408403     
  0.62395364781631624     
  0.49894961332197019     
  0.34043881475341575     
  0.18339311827113933     
   8.1369175045325939E-002
   3.6444640561176522E-002
   2.0737409272302988E-002
   1.7745232337377317E-002
   2.4703223209842331E-002
   5.2635448808755959E-002
  0.12108561044956813     
  0.94613803534707541     
  0.95076476672319454     
  0.95483239019765387     
  0.95841620855522447     
  0.96164275160858259     
  0.96459140824744294     
  0.96730640702854787     
  0.96980995708804019     
  0.97211270837148067     
  0.97422046081818170     
  0.97613791605628486     
  0.97786982987577409     
  0.97942134197962549     
  0.98079778364884529     
  0.98200432109435154     
  0.98304565821877676     
  0.98392562497886615     
  0.98464670551049560     
  0.98520951586491323     
  0.98561214579157408     
  0.98584936985869398     
  0.98591163106875379     
  0.98578371248806673     
  0.98544295513103841     
  0.98485692060766306     
  0.98398009795573604     
  0.98274946509255545     
  0.98107827091683253     
  0.97884753672189673     
  0.97589419434662561     
  0.97199486651114242     
  0.96684357091537143     
  0.96002170432031175     
  0.95095775749433964     
  0.93887441644459368     
  0.92272024296582478     
  0.90108226392697943     
  0.87207385934952364     
  0.83318048960674174     
  0.78100695494222394     
  0.71078501667609506     
  0.61560779613397876     
  0.48729874832220438     
  0.32783303157471894     
  0.17449627304706355     
   7.7366081082517024E-002
   3.4994425214968219E-002
   2.0239279813767667E-002
   1.7650647919901900E-002
   2.4381529050607472E-002
   4.3187992580342532E-002
  0.94686615373063843     
  0.95151148640946071     
  0.95559939141288697     
  0.95920531091807737     
  0.96245512451503412     
  0.96542781154415969     
  0.96816718429570903     
  0.97069543078107046     
  0.97302326972033415     
  0.97515677217898089     
  0.97710099727478605     
  0.97886125443490180     
  0.98044331752598057     
  0.98185331749829940     
  0.98309742142406986     
  0.98418153201656855     
  0.98511097280183502     
  0.98589005088715131     
  0.98652165803115288     
  0.98700671348530100     
  0.98734357071902190     
  0.98752723507530005     
  0.98754834761054766     
  0.98739189435682495     
  0.98703538795627332     
  0.98644654666700404     
  0.98557986928181962     
  0.98437208671940302     
  0.98273575214395581     
  0.98055025018393827     
  0.97764937624607551     
  0.97380411639855180     
  0.96869889782942198     
  0.96189937836791672     
  0.95280921238370075     
  0.94061300905487000     
  0.92420285071819941     
  0.90208484984412740     
  0.87226080710941434     
  0.83207002630165561     
  0.77794203198742851     
  0.70494453167430349     
  0.60619241293632675     
  0.47433304790857889     
  0.31403958815409722     
  0.16491056690333730     
   7.3044203295017068E-002
   3.3407508433117121E-002
   1.9647380616406036E-002
   1.7109912320399344E-002
   2.0723311892767288E-002
  0.94754551076711369     
  0.95220727911884573     
  0.95631305018001900     
  0.95993837331609089     
  0.96320851662304852     
  0.96620190356046298     
  0.96896214297506933     
  0.97151122867233097     
  0.97385989456890953     
  0.97601446581064266     
  0.97798029917674401     
  0.97976309948843010     
  0.98136917853536521     
  0.98280531056135123     
  0.98407847032906115     
  0.98519554134092224     
  0.98616301646909443     
  0.98698666308468586     
  0.98767114150831903     
  0.98821960507377760     
  0.98863318309628978     
  0.98891037712055863     
  0.98904634504749600     
  0.98903186903470142     
  0.98885209802686413     
  0.98848473825179539     
  0.98789764191718887     
  0.98704537589014230     
  0.98586450097753409     
  0.98426687960713999     
  0.98213031738157175     
  0.97928544236080739     
  0.97549741268114476     
  0.97044052897686461     
  0.96366370429289183     
  0.95454377146749181     
  0.94222399902363696     
  0.92553465252511358     
  0.90289284334249742     
  0.87217736311791993     
  0.83056645612926938     
  0.77429723100652603     
  0.69826075257143017     
  0.59561757375920032     
  0.45999992506426679     
  0.29912601222336455     
  0.15481978993891432     
   6.8660694878493120E-002
   3.2011970629455613E-002
   1.9321487316762063E-002
   1.6380594032783826E-002
  0.94817966883567129     
  0.95285598759182688     
  0.95697751408806142     
  0.96061985184460974     
  0.96390770613471100     
  0.96691902331519686     
  0.96969703474313451     
  0.97226360205992368     
  0.97462951669086240     
  0.97680119560743717     
  0.97878424459154501     
  0.98058472555181164     
  0.98220938121982404     
  0.98366550374842210     
  0.98496071187852619     
  0.98610269289958996     
  0.98709886605015273     
  0.98795617081551179     
  0.98868067424436534     
  0.98927725132522926     
  0.98974918694330649     
  0.99009770779828643     
  0.99032137785852026     
  0.99041544042629814     
  0.99037077472127344     
  0.99017268293776561     
  0.98979904824886755     
  0.98921789531331750     
  0.98838390754267291     
  0.98723352167565626     
  0.98567799230213926     
  0.98359356731401471     
  0.98080764277742782     
  0.97707930710711610     
  0.97207219555652513     
  0.96531724986847500     
  0.95616235244347014     
  0.94370560113635493     
  0.92670946614268679     
  0.90349299045259746     
  0.87179937156553045     
  0.82862976014388134     
  0.77001179041717638     
  0.69065240023741115     
  0.58380309102119243     
  0.44431614957675702     
  0.28343977745371463     
  0.14509076654728889     
   6.5489851791365877E-002
   3.2325888308853246E-002
   2.1236608425371478E-002
  0.94877194789025265     
  0.95346111483789509     
  0.95759655836809399     
  0.96125381994832171     
  0.96455711828235957     
  0.96758388329943168     
  0.97037703940864861     
  0.97295823572494500     
  0.97533828302239811     
  0.97752371276653061     
  0.97952031330981160     
  0.98133441646672126     
  0.98297311594735193     
  0.98444413829907984     
  0.98575564751959799     
  0.98691593604666616     
  0.98793322659449601     
  0.98881536200212505     
  0.98956952592369851     
  0.99020196339181410     
  0.99071761686063031     
  0.99111979104217873     
  0.99140970414803287     
  0.99158592600891171     
  0.99164370463943263     
  0.99157402598295263     
  0.99136229789350494     
  0.99098661479564243     
  0.99041521150966938     
  0.98960293147623390     
  0.98848614670005175     
  0.98697555868352493     
  0.98494590423777195     
  0.98222127455840536     
  0.97855439643289344     
  0.97359759518407207     
  0.96686249320110162     
  0.95766549865814543     
  0.94505534725529627     
  0.92771991312008606     
  0.90387014292451051     
  0.87109981605174625     
  0.82621623683648338     
  0.76502162046250954     
  0.68203973006050034     
  0.57070679064411778     
  0.42755461501573089     
  0.26831243582802616     
  0.13854284012100498     
   6.7295348223608525E-002
   3.9277703456839126E-002
  0.94932534714496253     
  0.95402591983261009     
  0.95817362268191497     
  0.96184400888205657     
  0.96516074483789127     
  0.96820081282556414     
  0.97100678876528523     
  0.97360018544775562     
  0.97599174946380030     
  0.97818808548707215     
  0.98019513442380013     
  0.98201946968864251     
  0.98366845531752622     
  0.98515019721741803     
  0.98647326753851794     
  0.98764651171344120     
  0.98867876330428306     
  0.98957859601732445     
  0.99035411447991051     
  0.99101259753741489     
  0.99156031213062834     
  0.99200216709726063     
  0.99234137898340169     
  0.99257905891362552     
  0.99271373912332961     
  0.99274064172094456     
  0.99265079949664470     
  0.99242978253476999     
  0.99205587880932566     
  0.99149758933948984     
  0.99070997196947530     
  0.98962941090466328     
  0.98816611707959057     
  0.98619329436444636     
  0.98353165818860344     
  0.97992726842374756     
  0.97502033267150556     
  0.96830166014860042     
  0.95905338708970445     
  0.94627007333331226     
  0.92855746131992745     
  0.90400734313255393     
  0.87004926919894543     
  0.82327922917388807     
  0.75926006322102135     
  0.67235259839228456     
  0.55642460903403290     
  0.41083605615114144     
  0.25756741688279627     
  0.14190667842818622     
   8.4019627763707166E-002
  0.94984270944696192     
  0.95455334905244993     
  0.95871184364751350     
  0.96239373798663419     
  0.96572221247629619     
  0.96877371379629973     
  0.97159054717621751     
  0.97419402228360052     
  0.97659485207304775     
  0.97879969233211384     
  0.98081460741945425     
  0.98264634967994846     
  0.98430251551314085     
  0.98579152745426357     
  0.98712231329443501     
  0.98830415065574662     
  0.98934638592572932     
  0.99025820900153105     
  0.99104840718963483     
  0.99172513920091088     
  0.99229568048899142     
  0.99276617209890394     
  0.99314136889072013     
  0.99342431628269523     
  0.99361598082667890     
  0.99371477734737035     
  0.99371588449522852     
  0.99361039410567153     
  0.99338401943995924     
  0.99301530598805965     
  0.99247304978980633     
  0.99171258466259293     
  0.99067035965507433     
  0.98925615538448075     
  0.98734166206524288     
  0.98474407070949943     
  0.98120240180205420     
  0.97634388481643752     
  0.96963676957047185     
  0.96032574675590876     
  0.94734591576469418     
  0.92921253065279052     
  0.90388610899015731     
  0.86861606193218899     
  0.81976909921784480     
  0.75265769387648196     
  0.66157229524160976     
  0.54158913416355581     
  0.39754351023843082     
  0.25947134044924786     
  0.16953323442647439     
  0.95032653523388166     
  0.95504609458791456     
  0.95921411217394292     
  0.96290613438306694     
  0.96624477250824203     
  0.96930610524355865     
  0.97213207621301834     
  0.97474385206269731     
  0.97715204406415557     
  0.97936336425029047     
  0.98138397972622904     
  0.98322078286626646     
  0.98488158309983875     
  0.98637504539194798     
  0.98771040757566120     
  0.98889731006440207     
  0.98994552701027250     
  0.99086474443690786     
  0.99166433591586634     
  0.99235313059646091     
  0.99293919781511486     
  0.99342965368035041     
  0.99383041988261256     
  0.99414599727109476     
  0.99437920343127351     
  0.99453080116892190     
  0.99459904422405321     
  0.99457908721605381     
  0.99446206208708510     
  0.99423385472393899     
  0.99387329202576546     
  0.99334952545846156     
  0.99261821569838959     
  0.99161595824476723     
  0.99025211214519171     
  0.98839685604790894     
  0.98586369797352713     
  0.98238417964624691     
  0.97757155129162054     
  0.97086955101917727     
  0.96148193287133565     
  0.94827842050303901     
  0.92967461169016319     
  0.90348658053772213     
  0.86676628127159416     
  0.81563028321917375     
  0.74515777869824162     
  0.64999379157200821     
  0.52859247483242422     
  0.39541429748583928     
  0.28939653651366271     
  0.95077921003940058     
  0.95550664779306216     
  0.95968306947807480     
  0.96338394979392550     
  0.96673145458762821     
  0.96980120548409254     
  0.97263484199313877     
  0.97525336684304986     
  0.97766731983984378     
  0.97988343567339498     
  0.98190792683276085     
  0.98374785133085985     
  0.98541118108368375     
  0.98690679510955548     
  0.98824420260321377     
  0.98943333356974950     
  0.99048433986982687     
  0.99140731343070865     
  0.99221209435285240     
  0.99290806427404665     
  0.99350392635330997     
  0.99400755429869081     
  0.99442577090115791     
  0.99476418757869833     
  0.99502698729201799     
  0.99521669037092297     
  0.99533381851043357     
  0.99537648583955129     
  0.99533977704836518     
  0.99521490440738258     
  0.99498795212234448     
  0.99463805914766734     
  0.99413478116314369     
  0.99343416167927268     
  0.99247299494902919     
  0.99116026795439660     
  0.98936458465183952     
  0.98689559324008347     
  0.98347682845069617     
  0.97870646436065001     
  0.97200155670465960     
  0.96252100976031663     
  0.94906266868956846     
  0.92993245389698209     
  0.90278737560650013     
  0.86446056497207024     
  0.81080646607334228     
  0.73689284764165708     
  0.63923258493576562     
  0.52388047751086841     
  0.41949953729880296     
  0.95120288426652311     
  0.95593731834971718     
  0.96012112987463105     
  0.96382982188924327     
  0.96718502186809197     
  0.97026196400147824     
  0.97310199100526784     
  0.97572594250676836     
  0.97814428266338183     
  0.98036374572188967     
  0.98239062156473556     
  0.98423207352975806     
  0.98589621978447306     
  0.98739213076717181     
  0.98872953955285792     
  0.98991864807278696     
  0.99096990083875325     
  0.99189374320309653     
  0.99270040573993268     
  0.99339972036507418     
  0.99400091152847814     
  0.99451242726646361     
  0.99494179822275719     
  0.99529547272839536     
  0.99557867872794981     
  0.99579522685903898     
  0.99594730408162668     
  0.99603518530440238     
  0.99605681900256438     
  0.99600725274937096     
  0.99587778491110479     
  0.99565472549062994     
  0.99531757564563605     
  0.99483633895815393     
  0.99416749717358144     
  0.99324807669552184     
  0.99198671178567344     
  0.99025038221872519     
  0.98784464072886180     
  0.98448443247268558     
  0.97975160768878811     
  0.97303413135039751     
  0.96344177628015037     
  0.94969340102980893     
  0.92997398011266985     
  0.90176313043390466     
  0.86165472968453971     
  0.80535846922247001     
  0.72896358285490592     
  0.63436848940548163     
  0.54138257996709471     
  0.95159955757431691     
  0.95634019016710614     
  0.96053052889457402     
  0.96424603711014700     
  0.96760792746053848     
  0.97069100533284514     
  0.97353634541304979     
  0.97616460523243620     
  0.97858617297392703     
  0.98080779261521067     
  0.98283581938868048     
  0.98467748527586707     
  0.98634106502960239     
  0.98783578031300312     
  0.98917155907613408     
  0.99035884175944655     
  0.99140833371716020     
  0.99233078363778249     
  0.99313675731032369     
  0.99383644598297194     
  0.99443948637029311     
  0.99495480554340843     
  0.99539047965686223     
  0.99575360196206408     
  0.99605017729855849     
  0.99628497850901154     
  0.99646141784008546     
  0.99658133696313811     
  0.99664474794750668     
  0.99664945425320084     
  0.99659047527498001     
  0.99645922022158551     
  0.99624226430817031     
  0.99591950275638752     
  0.99546142607745303     
  0.99482501096647757     
  0.99394754092897597     
  0.99273730992551656     
  0.99105958554660667     
  0.98871554870578215     
  0.98541092037163569     
  0.98070982359391867     
  0.97396852167732351     
  0.96424293359323088     
  0.95016494953230879     
  0.92978429001863683     
  0.90038283250785534     
  0.85837752413882884     
  0.80004119157050535     
  0.72521670506525748     
  0.64726741632485607     
