   8.7890032112410414E-010
   4.2379452199567443E-011
   1.6792530250552422E-012
   5.5790421474401802E-014
   1.5794478157515066E-015
   3.8615227151903578E-017
   8.2473145646981040E-019
   1.5542787073541610E-020
   2.6070787360362612E-022
   3.9199362799885813E-024
   5.3127288811691626E-026
   6.5167624787080747E-028
   7.2542374987813239E-030
   7.3392989010843311E-032
   6.7522431417716242E-034
   5.6474443988591863E-036
   4.2902235148780349E-038
   2.9564710264466799E-040
   1.8455849728787736E-042
   1.0426516910805450E-044
   5.3325879361541457E-047
   2.4771914381808393E-049
   1.0546714936842075E-051
   4.1942113374153059E-054
   1.6127510960206871E-056
   1.0492848751512639E-007
   8.2391394930578172E-009
   5.3830350776598370E-010
   2.9792744945471759E-011
   1.4178373151847046E-012
   5.8766715491065626E-014
   2.1454937029287075E-015
   6.9689243848566881E-017
   2.0315243557338240E-018
   5.3534296108605321E-020
   1.2825149309531695E-021
   2.8049826316459478E-023
   5.6164549421030965E-025
   1.0312737801528741E-026
   1.7376080433694290E-028
   2.6861782234775623E-030
   3.8071116264125876E-032
   4.9411926023036880E-034
   5.8652962049781937E-036
   6.3615918662841230E-038
   6.3060611617042736E-040
   5.7292773975984136E-042
   4.8086238660860115E-044
   3.7911489623955288E-046
   2.8944737914642794E-048
   6.4092227911209594E-006
   8.0466447058745438E-007
   8.5073135355404182E-008
   7.6948075093563725E-009
   6.0369787497449848E-010
   4.1588626461028091E-011
   2.5437596455875297E-012
   1.3952960868980957E-013
   6.9238552023145989E-015
   3.1311253795992337E-016
   1.2978982314002394E-017
   4.9526646467469663E-019
   1.7449259616852800E-020
   5.6862493499823784E-022
   1.7152551866610791E-023
   4.7894058071536971E-025
   1.2371260144751310E-026
   2.9530926384974102E-028
   6.5067119589721981E-030
   1.3221481314071175E-031
   2.4778980705351805E-033
   4.2935375232397996E-035
   6.9253285518558562E-037
   1.0550089607582706E-038
   1.5586926955871325E-040
   1.4153246546918543E-004
   2.6712720256902942E-005
   4.2907403661910487E-006
   5.9475791328624008E-007
   7.2057249324440510E-008
   7.7204500764992084E-009
   7.3954684252702889E-010
   6.3970112117919637E-011
   5.0408208483826600E-012
   3.6454794036936547E-013
   2.4338701906814238E-014
   1.5067668678965101E-015
   8.6762055570877637E-017
   4.6555200149051461E-018
   2.3299868411618037E-019
   1.0877557343482446E-020
   4.7345707875078592E-022
   1.9195497526447080E-023
   7.2412978033335291E-025
   2.5395636505775003E-026
   8.2801161536096010E-028
   2.5149406702924050E-029
   7.1580283415258094E-031
   1.9333156840357741E-032
   5.0705723428411675E-034
   1.3717143161304096E-003
   3.6792270264474476E-004
   8.4848882955763420E-005
   1.7026803499634374E-005
   3.0077865628132998E-006
   4.7294578519609704E-007
   6.6900206853250397E-008
   8.5976495437970208E-009
   1.0127248782023357E-009
   1.1015410441987920E-010
   1.1130122076773997E-011
   1.0494056252958867E-012
   9.2619100750538786E-014
   7.6671261536599473E-015
   5.9590142810246463E-016
   4.3492545785129115E-017
   2.9797192781869622E-018
   1.9146740994725372E-019
   1.1527505059201198E-020
   6.4973598588201373E-022
   3.4282485803425630E-023
   1.6962034421498468E-024
   7.9097472048760114E-026
   3.5145990640830789E-027
   1.5181595459726854E-028
   6.9900497654701021E-003
   2.5154816440713990E-003
   7.8808721334044777E-004
   2.1700401294231931E-004
   5.3033763353101614E-005
   1.1617849895051885E-005
   2.3038745114070676E-006
   4.1748990290050860E-007
   6.9729070672502726E-008
   1.0813403766978313E-008
   1.5663209289226235E-009
   2.1288211577659056E-010
   2.7235410195787810E-011
   3.2866878645247156E-012
   3.7452682523294354E-013
   4.0311858526342038E-014
   4.0970060362809387E-015
   3.9287859848681381E-016
   3.5513943588387393E-017
   3.0237055816277823E-018
   2.4244946358177935E-019
   1.8333961811186442E-020
   1.3132514966294498E-021
   8.9953831359643140E-023
   5.9957053502731327E-024
   2.2157058371046843E-002
   1.0081606222450339E-002
   4.0545985857709408E-003
   1.4517632769106064E-003
   4.6634975740469947E-004
   1.3549296976175245E-004
   3.5905993099564873E-005
   8.7519220396524703E-006
   1.9776212229134302E-006
   4.1714888283403758E-007
   8.2608806033686507E-008
   1.5426478177974065E-008
   2.7251667822815070E-009
   4.5635768485609595E-010
   7.2525896984621973E-011
   1.0942284727886273E-011
   1.5668878363364309E-012
   2.1280716409491144E-013
   2.7388501632055075E-014
   3.3376802361660940E-015
   3.8506060480517495E-016
   4.2104214061687709E-017
   4.3799739855714507E-018
   4.3706560064632667E-019
   4.2475262274587183E-020
   5.0179615545908655E-002
   2.7427611245553967E-002
   1.3431047776082474E-002
   5.9328092037714318E-003
   2.3802246685408778E-003
   8.7334390457331854E-004
   2.9513477977185192E-004
   9.2506217280807548E-005
   2.7072592170674073E-005
   7.4418855125339372E-006
   1.9310882156773910E-006
   4.7489601173983403E-007
   1.1100089361486503E-007
   2.4706886431939757E-008
   5.2424452122512574E-009
   1.0607717540610738E-009
   2.0463533424504017E-010
   3.7612387793812471E-011
   6.5812017541600477E-012
   1.0953940692897018E-012
   1.7338637568715549E-013
   2.6124547176162525E-014
   3.7590484946695277E-015
   5.2024630901975729E-016
   7.0173349708070549E-017
   8.9350190649773856E-002
   5.6749077756731714E-002
   3.2508113338376866E-002
   1.6941825528442787E-002
   8.0995489697733465E-003
   3.5793848673506207E-003
   1.4724780812589667E-003
   5.6748743020958961E-004
   2.0605826975164459E-004
   7.0834625804987102E-005
   2.3143413594637520E-005
   7.2086032887046543E-006
   2.1451911295915315E-006
   6.1078417529051718E-007
   1.6650838751505352E-007
   4.3468564900348679E-008
   1.0863275637034556E-008
   2.5971461700745294E-009
   5.9348554854759824E-010
   1.2952787047170118E-010
   2.6990836265061804E-011
   5.3739543474028118E-012
   1.0251785545403827E-012
   1.8855036896718320E-013
   3.3819255344888142E-014
  0.13138739169183064     
   9.5711085526170636E-002
   6.2790428607562565E-002
   3.7510596942475938E-002
   2.0632165723605028E-002
   1.0555715259073275E-002
   5.0682594438147197E-003
   2.3009451655636353E-003
   9.9360970655280358E-004
   4.0995124907567461E-004
   1.6211769174848169E-004
   6.1576489755316510E-005
   2.2491577933010363E-005
   7.9048299808993508E-006
   2.6733431071394374E-006
   8.6965827133440696E-007
   2.7194155828353557E-007
   8.1665596901403385E-008
   2.3529067845247938E-008
   6.4981499682563314E-009
   1.7195156328980120E-009
   4.3620351597826830E-010
   1.0633029700627689E-010
   2.5040366560301237E-011
   5.7540955337514280E-012
  0.16195023350856252     
  0.13548952431566758     
  0.10136619723044737     
   6.8655327480696374E-002
   4.2663405121086725E-002
   2.4644320126387165E-002
   1.3391227755785074E-002
   6.9142101103726750E-003
   3.4191495783441896E-003
   1.6285818356247307E-003
   7.4987951463279022E-004
   3.3443199192624291E-004
   1.4456184350266084E-004
   6.0553851230242700E-005
   2.4560316357352643E-005
   9.6346434707769956E-006
   3.6505814072792238E-006
   1.3341073787280906E-006
   4.6958865050367886E-007
   1.5901298898962539E-007
   5.1765451354588349E-008
   1.6205096898373718E-008
   4.8875781687285495E-009
   1.4267929860983316E-009
   4.0664249476325233E-010
  0.16726930144439814     
  0.16187078891643294     
  0.13886373548102984     
  0.10685672929770287     
   7.4809190853258142E-002
   4.8362204037403413E-002
   2.9288235887113063E-002
   1.6831019795325860E-002
   9.2767960322996373E-003
   4.9440131701950626E-003
   2.5618469923084359E-003
   1.2948045622118932E-003
   6.3913237227288672E-004
   3.0807116340175739E-004
   1.4484290858737554E-004
   6.6309917569948128E-005
   2.9499033770008579E-005
   1.2725080532567949E-005
   5.3119996051723901E-006
   2.1421704057215646E-006
   8.3357986160266601E-007
   3.1293203642538509E-007
   1.1348801104430110E-007
   3.9911303903377526E-008
   1.3712181615043220E-008
  0.14443633943241915     
  0.16281041238348518     
  0.16144828736569061     
  0.14228131264084642     
  0.11295075607539093     
   8.2002544106618599E-002
   5.5292812295811317E-002
   3.5137722182299512E-002
   2.1318892854558250E-002
   1.2481327236340829E-002
   7.1081397975350045E-003
   3.9593852621424295E-003
   2.1639202351647051E-003
   1.1617428902294272E-003
   6.1246522547243453E-004
   3.1660822909293344E-004
   1.6013639465823099E-004
   7.9047064967900570E-005
   3.7982853475331143E-005
   1.7724645225740548E-005
   8.0181866532223939E-006
   3.5132717353702397E-006
   1.4919612174080464E-006
   6.1583920035074162E-007
   2.4860592439289219E-007
  0.10443849208384175     
  0.13767979129596356     
  0.15882730336194159     
  0.16163993675450911     
  0.14688585328527590     
  0.12089826646135826     
   9.1508512402065922E-002
   6.4656540818160330E-002
   4.3241816462524785E-002
   2.7707862496212897E-002
   1.7180852702208479E-002
   1.0388884338252306E-002
   6.1593901670484869E-003
   3.5925931569386225E-003
   2.0646242330798611E-003
   1.1690564258755431E-003
   6.5144269127458414E-004
   3.5652537803060438E-004
   1.9116467492227669E-004
   1.0016642191192082E-004
   5.1175748076456091E-005
   2.5456218540162443E-005
   1.2326586671327607E-005
   5.8214112654038555E-006
   2.6942832042026351E-006
   6.3684246683750237E-002
   9.8207665546544032E-002
  0.13218421527865518     
  0.15623312201616157     
  0.16385212324229337     
  0.15447001054103562     
  0.13276932129767607     
  0.10553994448800753     
   7.8649074851634318E-002
   5.5622401333700486E-002
   3.7730099041540933E-002
   2.4764567825504069E-002
   1.5838559222776737E-002
   9.9225168717142140E-003
   6.1110310773446483E-003
   3.7076926673211830E-003
   2.2177878499781501E-003
   1.3074042594554813E-003
   7.5867377859344923E-004
   4.3262909516663160E-004
   2.4199183751187696E-004
   1.3257790203932533E-004
   7.1103439467790975E-005
   3.7371235123520085E-005
   1.9318674421405174E-005
   3.3162194519352463E-002
   5.9573659123710529E-002
   9.3434305831266745E-002
  0.12847445575343761     
  0.15625087728322606     
  0.17004073945740947     
  0.16773361662479472     
  0.15196402999351152     
  0.12804868786339865     
  0.10150531926046802     
   7.6460196729288568E-002
   5.5198846788665760E-002
   3.8465884985957162E-002
   2.6026223236485301E-002
   1.7177437745917821E-002
   1.1098509969924602E-002
   7.0378395809235304E-003
   4.3872612199635473E-003
   2.6908638131669929E-003
   1.6241504158536907E-003
   9.6454551770363314E-004
   5.6349422339976971E-004
   3.2390986472258644E-004
   1.8343864598072932E-004
   1.0267458438380026E-004
   1.4955335210605093E-002
   3.0982722486304914E-002
   5.6242188510396626E-002
   8.9666797143117705E-002
  0.12646678012402790     
  0.15941674224268323     
  0.18171399777930178     
  0.18956838231517997     
  0.18308472963917183     
  0.16540366973618775     
  0.14103911104592901     
  0.11437022844413956     
   8.8751534879323052E-002
   6.6244564888593913E-002
   4.7758884492441533E-002
   3.3371802419383874E-002
   2.2665231026344840E-002
   1.4997825248164447E-002
   9.6887544077426547E-003
   6.1216169313847799E-003
   3.7894256720388442E-003
   2.3024235753010313E-003
   1.3761425633510049E-003
   8.1155199718290112E-004
   4.7429046503165705E-004
   5.8108961308574562E-003
   1.3605137653729038E-002
   2.8137408686985686E-002
   5.1416896133303087E-002
   8.3468151609093086E-002
  0.12141834125656191     
  0.15992136341142973     
  0.19280769765046207     
  0.21502593882082652     
  0.22392348965383874     
  0.21950574891282032     
  0.20388977120346641     
  0.18039501108352862     
  0.15264969001013981     
  0.12392217319845189     
   9.6736953127520439E-002
   7.2743713280109312E-002
   5.2769059013772768E-002
   3.6975080352072663E-002
   2.5060451882252099E-002
   1.6457423608406262E-002
   1.0495900680071635E-002
   6.5212483386184183E-003
   3.9645840868560685E-003
   2.3727274107588859E-003
   1.8653679766921594E-003
   4.7424472710076099E-003
   1.0796983426174751E-002
   2.1974155290793055E-002
   4.0110294155185244E-002
   6.6100742173692315E-002
   9.9196634098125833E-002
  0.13684035173602885     
  0.17513798830088184     
  0.20972815850682053     
  0.23668832957628266     
  0.25321444135256033     
  0.25796994215273622     
  0.25112008247507411     
  0.23412430837744397     
  0.20937398636652518     
  0.17975768286026081     
  0.14822524933523210     
  0.11740980125525992     
   8.9353091973836382E-002
   6.5362449628805150E-002
   4.6004783782423446E-002
   3.1217307471459243E-002
   2.0492466637282231E-002
   1.3084565884286926E-002
   5.2181172829735467E-004
   1.3514476033183883E-003
   3.1858567111820776E-003
   6.8224640032486256E-003
   1.3301537959192096E-002
   2.3728984931025703E-002
   3.8993865806633367E-002
   5.9473528564405020E-002
   8.4826205914815309E-002
  0.11392545480767552     
  0.14493754129861822     
  0.17551309975036145     
  0.20305743822269792     
  0.22504536615314527     
  0.23934622213548865     
  0.24452063879777197     
  0.24004528349620141     
  0.22642055189929697     
  0.20512506086243054     
  0.17840455655971565     
  0.14892091096733251     
  0.11932920718435763     
   9.1879149623121117E-002
   6.8134139827776219E-002
   4.8864632224137304E-002
   1.6642812150556170E-004
   4.1935237777442991E-004
   9.6992617479295948E-004
   2.0599831885837220E-003
   4.0327614026548437E-003
   7.3193036020719471E-003
   1.2399705531994853E-002
   1.9745284087537146E-002
   2.9749689156597054E-002
   4.2654310354558037E-002
   5.8471662893406086E-002
   7.6912832475579368E-002
   9.7330297287142958E-002
  0.11869270714871051     
  0.13961098934567440     
  0.15843324946322421     
  0.17341705659359541     
  0.18297024323495897     
  0.18592654091061142     
  0.18179683717366391     
  0.17092298994894423     
  0.15447228454367121     
  0.13425112976970474     
  0.11237431159155288     
   9.0876480997930359E-002
   6.9517871953886839E-005
   1.7149093389608338E-004
   3.8816422300576834E-004
   8.0801618541344561E-004
   1.5558367454997248E-003
   2.7922541177616009E-003
   4.7097486999559211E-003
   7.5268577931896109E-003
   1.1480449526804035E-002
   1.6813265303868976E-002
   2.3752530558683344E-002
   3.2476092241847491E-002
   4.3064951136026604E-002
   5.5444899568205482E-002
   6.9325187389546739E-002
   8.4148353474030282E-002
   9.9071120528828063E-002
  0.11299853182702135     
  0.12468816239380925     
  0.13292507790249347     
  0.13674257345443194     
  0.13563716656405955     
  0.12971263178680353     
  0.11969816325273959     
  0.10682032144937244     
   3.4808663939262573E-005
   8.5733354834282983E-005
   1.9328851600227895E-004
   4.0007711619011920E-004
   7.6536897588340869E-004
   1.3651057957961617E-003
   2.2915855987481622E-003
   3.6541955370452774E-003
   5.5812914047952454E-003
   8.2216441993300977E-003
   1.1742765934067157E-002
   1.6323054072169392E-002
   2.2134809282877994E-002
   2.9315805295096673E-002
   3.7928684808654113E-002
   4.7910654823840403E-002
   5.9021060822333750E-002
   7.0800736132732883E-002
   8.2562227501572411E-002
   9.3430199136137329E-002
  0.10244266549993784     
  0.10870552958225278     
  0.11157028828990627     
  0.11078738589156460     
  0.10658478547916014     
   1.9169522415670438E-005
   4.7633924009409056E-005
   1.0815225283314653E-004
   2.2505391060355582E-004
   4.3220605324311649E-004
   7.7305900079022020E-004
   1.3007691099410662E-003
   2.0794419450080323E-003
   3.1868081217861356E-003
   4.7176479180126660E-003
   6.7865819916562995E-003
   9.5284714542141630E-003
   1.3094372652965614E-002
   1.7640697564570249E-002
   2.3309212102341128E-002
   3.0196317746952573E-002
   3.8312361839496614E-002
   4.7535897355353088E-002
   5.7573385747750075E-002
   6.7939872754124886E-002
   7.7977386150179018E-002
   8.6922069168772972E-002
   9.4017830985622261E-002
   9.8657008885454256E-002
  0.10051332924926212     
   1.1194361907560994E-005
   2.8164962018646805E-005
   6.4676385342436984E-005
   1.3594938764498128E-004
   2.6340741115280582E-004
   4.7480306421454014E-004
   8.0441014965886113E-004
   1.2940393118119002E-003
   1.9952300892598003E-003
   2.9723644025000666E-003
   4.3060047587705815E-003
   6.0955023488036752E-003
   8.4596503747327977E-003
   1.1533760552163536E-002
   1.5461114896744253E-002
   2.0376613966438476E-002
   2.6381116241024204E-002
   3.3506998856643204E-002
   4.1679123143592921E-002
   5.0680074753223663E-002
   6.0132472470782357E-002
   6.9511709532683708E-002
   7.8197724980978572E-002
   8.5564381947171780E-002
   9.1091983599687634E-002
   6.8366418732382742E-006
   1.7428608180232283E-005
   4.0524304757079327E-005
   8.6178990385139690E-005
   1.6877540437955165E-004
   3.0722024120650955E-004
   5.2516012114367484E-004
   8.5175570074623441E-004
   1.3233328654154819E-003
   1.9858495097932818E-003
   2.8978276008055710E-003
   4.1332297135044816E-003
   5.7835708463080220E-003
   7.9582396406808805E-003
   1.0781573122731590E-002
   1.4384849797440247E-002
   1.8891359121734265E-002
   2.4393516291124705E-002
   3.0923017376890530E-002
   3.8418263907011807E-002
   4.6696928566964648E-002
   5.5443985522798105E-002
   6.4225079852293185E-002
   7.2530914587263282E-002
   7.9850667749908372E-002
   4.3393519387039295E-006
   1.1203568366212114E-005
   2.6372420064176241E-005
   5.6746431264311584E-005
   1.1237394939655851E-004
   2.0668848782686938E-004
   3.5673951474518833E-004
   5.8379636725650118E-004
   9.1458905810830554E-004
   1.3832063634024239E-003
   2.0334763665699682E-003
   2.9215391342541155E-003
   4.1181952258572945E-003
   5.7103880274062381E-003
   7.8008361212092000E-003
   1.0504453068083792E-002
   1.3939968294900039E-002
   1.8215401791301211E-002
   2.3407090539212753E-002
   2.9533977822930612E-002
   3.6531545316067449E-002
   4.4232195780021306E-002
   5.2359943589199889E-002
   6.0546168064276470E-002
   6.8369673768949812E-002
   2.8521873069226068E-006
   7.4510769222273390E-006
   1.7743090076862086E-005
   3.8608389733219886E-005
   7.7281456072912665E-005
   1.4360287279366015E-004
   2.5025644752869544E-004
   4.1326006288757127E-004
   6.5291992637340427E-004
   9.9529886323427978E-004
   1.4741133574390733E-003
   2.1328924061411116E-003
   3.0271451511357174E-003
   4.2261259478864341E-003
   5.8135307615963796E-003
   7.8861452059125533E-003
   1.0549208241464993E-002
   1.3907262327592410E-002
   1.8049788055469904E-002
   2.3032143265461800E-002
   2.8854130354950398E-002
   3.5440395179869376E-002
   4.2628117422273605E-002
   5.0167597331402379E-002
   5.7740166270375190E-002
   1.9363770942046003E-006
   5.1128860907314425E-006
   1.2304608679077518E-005
   2.7053084834203091E-005
   5.4698077872414474E-005
   1.0262548772126496E-004
   1.8050198221294760E-004
   3.0068817664056444E-004
   4.7899456198392088E-004
   7.3583813805328262E-004
   1.0977603981829705E-003
   1.5992070197357287E-003
   2.2844079560135873E-003
   3.2090832583396428E-003
   4.4415114101849116E-003
   6.0622515508186080E-003
   8.1615821261204619E-003
   1.0833646261823652E-002
   1.4166564490188804E-002
   1.8228531503414091E-002
   2.3051112369513359E-002
   2.8612286307244630E-002
   3.4822819753901856E-002
   4.1520031467994434E-002
   4.8472903297871121E-002
   1.3550208803538843E-006
   3.6122100283474532E-006
   8.7763212277151213E-006
   1.9477947477404968E-005
   3.9745651963523309E-005
   7.5239359700417837E-005
   1.3347542763085242E-004
   2.2418282142151839E-004
   3.5991888873214829E-004
   5.5700055023037958E-004
   8.3673522119920231E-004
   1.2268894469756703E-003
   1.7632866665562331E-003
   2.4913413181077973E-003
   3.4671945814128439E-003
   4.7579268417419184E-003
   6.4401329414063265E-003
   8.5960575130971696E-003
   1.1306634459765841E-002
   1.4641265151092497E-002
   1.8644980705567082E-002
   2.3324552885238468E-002
   2.8635860904889589E-002
   3.4475279711516045E-002
   4.0678135169574643E-002
   9.7549310229850901E-007
   2.6226339305532346E-006
   6.4264240109716836E-006
   1.4383410099558126E-005
   2.9594478716716938E-005
   5.6478689693252200E-005
   1.0098424855882067E-004
   1.7090005988787451E-004
   2.7636917191888684E-004
   4.3065450755146829E-004
   6.5115340469149106E-004
   9.6062066700573182E-004
   1.3885228637927117E-003
   1.9723814568235903E-003
   2.7588525516035172E-003
   3.8041420447853815E-003
   5.1732023438404934E-003
   6.9370740703983162E-003
   9.1678242469102333E-003
   1.1930871487920276E-002
   1.5275057791645171E-002
   1.9221463011784200E-002
   2.3752458016489546E-002
   2.8802826169937960E-002
   3.4255142084270579E-002
   7.2119185769016666E-007
   1.9535305990942453E-006
   4.8230805949357751E-006
   1.0876173139550979E-005
   2.2544793329591866E-005
   4.3339399675723201E-005
   7.8043563999230007E-005
   1.3298892240788741E-004
   2.1649131457264996E-004
   3.3949245170619810E-004
   5.1640991439640984E-004
   7.6616819886975781E-004
   1.1133529654453963E-003
   1.5893781992884751E-003
   2.2334684449558219E-003
   3.0931391644598480E-003
   4.2237349521583711E-003
   5.6865147571858645E-003
   7.5448334167626026E-003
   9.8582194007427442E-003
   1.2674567071147027E-002
   1.6021112686551788E-002
   1.9895187979099310E-002
   2.4255951530893060E-002
   2.9018618135563008E-002
   5.4661617677314225E-007
   1.4904467778566545E-006
   3.7043154607352022E-006
   8.4089953608560780E-006
   1.7545910258941531E-005
   3.3949533073004795E-005
   6.1525155800199095E-005
   1.0549298029094683E-004
   1.7276406383347754E-004
   2.7248682170672784E-004
   4.1677006806605069E-004
   6.2156345340864136E-004
   9.0765008213475036E-004
   1.3016624298658429E-003
   1.8369607707857895E-003
   2.5541158803702203E-003
   3.5006368785005420E-003
   4.7295267188633234E-003
   6.2962943550567965E-003
   8.2542495349732792E-003
   1.0648228979767046E-002
   1.3507233319348786E-002
   1.6836660455684389E-002
   2.0610926975494104E-002
   2.4767517296960129E-002
   4.2403375385300350E-007
   1.1629143909563258E-006
   2.9072198445454489E-006
   6.6382989058169152E-006
   1.3932164737307278E-005
   2.7113097779607063E-005
   4.9415097461917843E-005
   8.5199594858785475E-005
   1.4028337515378512E-004
   2.2241051681151332E-004
   3.4187587390366780E-004
   5.1228627598460565E-004
   7.5142286721816692E-004
   1.0821306411526984E-003
   1.5331005876840656E-003
   2.1393282725274605E-003
   2.9419486493848564E-003
   3.9870988929333892E-003
   5.3235004849003361E-003
   6.9986144171188258E-003
   9.0534837465861637E-003
   1.1516630084267203E-002
   1.4397499972787992E-002
   1.7679992142543659E-002
   2.1316774403816449E-002
   3.3613202243210079E-007
   9.2652656242699952E-007
   2.3281698625908251E-006
   5.3435321243610391E-006
   1.1272469972356626E-005
   2.2049073370260424E-005
   4.0387962087603227E-005
   6.9979321446818072E-005
   1.1577779564517358E-004
   1.8441492146390167E-004
   2.8474330096103198E-004
   4.2850230525239588E-004
   6.3107492424193149E-004
   9.1227271081942534E-004
   1.2970334762505377E-003
   1.8158465864935303E-003
   2.5046493963744678E-003
   3.4038985278693752E-003
   4.5565550083505914E-003
   6.0048617061803471E-003
   7.7860096054105064E-003
   9.9269902055957003E-003
   1.2439011830135896E-002
   1.5311845893846054E-002
   1.8508589041993945E-002
   2.7185768675971060E-007
   7.5268558529973671E-007
   1.8998521007889918E-006
   4.3801938111584533E-006
   9.2820152302174696E-006
   1.8237283812236735E-005
   3.3554215038960730E-005
   5.8392777054118044E-005
   9.7021424023718378E-005
   1.5518130751329031E-004
   2.4056636619677126E-004
   3.6341163755592007E-004
   5.3716403009080118E-004
   7.7918076323554636E-004
   1.1113547511984805E-003
   1.5605053498333945E-003
   2.1583112228687378E-003
   2.9405285337372566E-003
   3.9452701540743399E-003
   5.2102443459922827E-003
   6.7690397095845969E-003
   8.6467092092349946E-003
   1.0854956078652327E-002
   1.3387183512355778E-002
   1.6213745748543406E-002
