  0.99999991475871020     
  0.99999999588977340     
  0.99999999983713550     
  0.99999999999458900     
  0.99999999999984679     
  0.99999999999999634     
   1.0000000000000000     
   1.0000000000000000     
   1.0000000000000000     
   1.0000000000000000     
   1.0000000000000000     
   1.0000000000000000     
   1.0000000000000000     
   1.0000000000000000     
   1.0000000000000000     
   1.0000000000000000     
   1.0000000000000000     
   1.0000000000000000     
   1.0000000000000000     
   1.0000000000000000     
   1.0000000000000000     
   1.0000000000000000     
   1.0000000000000000     
   1.0000000000000000     
   1.0000000000000000     
  0.99998982347697773     
  0.99999920091691985     
  0.99999994779193302     
  0.99999999711051157     
  0.99999999986248933     
  0.99999999999430056     
  0.99999999999979183     
  0.99999999999999323     
  0.99999999999999978     
   1.0000000000000000     
   1.0000000000000000     
   1.0000000000000000     
   1.0000000000000000     
   1.0000000000000000     
   1.0000000000000000     
   1.0000000000000000     
   1.0000000000000000     
   1.0000000000000000     
   1.0000000000000000     
   1.0000000000000000     
   1.0000000000000000     
   1.0000000000000000     
   1.0000000000000000     
   1.0000000000000000     
   1.0000000000000000     
  0.99937877930080199     
  0.99992196465397987     
  0.99999174913878797     
  0.99999925370958742     
  0.99999994144957549     
  0.99999999596647271     
  0.99999999975329024     
  0.99999999998646760     
  0.99999999999932843     
  0.99999999999996969     
  0.99999999999999878     
   1.0000000000000000     
   1.0000000000000000     
   1.0000000000000000     
   1.0000000000000000     
   1.0000000000000000     
   1.0000000000000000     
   1.0000000000000000     
   1.0000000000000000     
   1.0000000000000000     
   1.0000000000000000     
   1.0000000000000000     
   1.0000000000000000     
   1.0000000000000000     
   1.0000000000000000     
  0.98645915994491984     
  0.99741592662619261     
  0.99958403003725749     
  0.99994231995314331     
  0.99999301148227904     
  0.99999925122261335     
  0.99999992827408735     
  0.99999999379577509     
  0.99999999951110941     
  0.99999999996464384     
  0.99999999999763955     
  0.99999999999985378     
  0.99999999999999156     
  0.99999999999999956     
   1.0000000000000000     
   1.0000000000000000     
   1.0000000000000000     
   1.0000000000000000     
   1.0000000000000000     
   1.0000000000000000     
   1.0000000000000000     
   1.0000000000000000     
   1.0000000000000000     
   1.0000000000000000     
   1.0000000000000000     
  0.88258331604676299     
  0.96554597451371249     
  0.99183798679769331     
  0.99835135571161615     
  0.99970837095899068     
  0.99995413283840284     
  0.99999351163804662     
  0.99999916614641038     
  0.99999990177956277     
  0.99999998931656031     
  0.99999999892053049     
  0.99999999989822208     
  0.99999999999101730     
  0.99999999999925648     
  0.99999999999994216     
  0.99999999999999567     
  0.99999999999999978     
   1.0000000000000000     
   1.0000000000000000     
   1.0000000000000000     
   1.0000000000000000     
   1.0000000000000000     
   1.0000000000000000     
   1.0000000000000000     
   1.0000000000000000     
  0.59596917987455433     
  0.80387966670463751     
  0.92899360989041846     
  0.97938740333515406     
  0.99488277181808715     
  0.99887449582124821     
  0.99977660563374393     
  0.99995951083521672     
  0.99999323728062528     
  0.99999895124899385     
  0.99999984808833930     
  0.99999997935335005     
  0.99999999735853806     
  0.99999999968123621     
  0.99999999996367595     
  0.99999999999609024     
  0.99999999999960254     
  0.99999999999996181     
  0.99999999999999656     
  0.99999999999999978     
   1.0000000000000000     
   1.0000000000000000     
   1.0000000000000000     
   1.0000000000000000     
   1.0000000000000000     
  0.31756806047517816     
  0.50561798102747879     
  0.71775114685743580     
  0.87657694877644265     
  0.95672764753969886     
  0.98702948222403564     
  0.99652969525558888     
  0.99915190327388770     
  0.99980823460042212     
  0.99995954390681552     
  0.99999198814110279     
  0.99999850384507782     
  0.99999973569620559     
  0.99999995573955502     
  0.99999999296598108     
  0.99999999893874825     
  0.99999999984803323     
  0.99999999997936051     
  0.99999999999734368     
  0.99999999999967626     
  0.99999999999996270     
  0.99999999999999589     
  0.99999999999999956     
   1.0000000000000000     
   1.0000000000000000     
  0.17045254154595096     
  0.27321637378908847     
  0.43428643957013308     
  0.63475891871073564     
  0.81244720973239493     
  0.92191185280262999     
  0.97217250260473120     
  0.99110794163175997     
  0.99738120533587393     
  0.99927875956433687     
  0.99981274595460345     
  0.99995394371051516     
  0.99998923454906341     
  0.99999760377605007     
  0.99999949155485357     
  0.99999989711967474     
  0.99999998015317493     
  0.99999999635211345     
  0.99999999936171347     
  0.99999999989376176     
  0.99999999998318390     
  0.99999999999746625     
  0.99999999999963540     
  0.99999999999994960     
  0.99999999999999323     
  0.10345813909240328     
  0.15375429105028135     
  0.24079895829270190     
  0.37834001805121420     
  0.56005298348502752     
  0.74230710636941333     
  0.87503593261574075     
  0.94783269992333463     
  0.98040673726898464     
  0.99317688589687270     
  0.99776043268585002     
  0.99930135263208208     
  0.99979198911037792     
  0.99994076580688551     
  0.99998385122706579     
  0.99999578416215906     
  0.99999894641211551     
  0.99999974811244563     
  0.99999994244003121     
  0.99999998743757035     
  0.99999999738225842     
  0.99999999947880014     
  0.99999999990057176     
  0.99999999998171318     
  0.99999999999672007     
   7.2765491762571841E-002
   9.7251055002870415E-002
  0.14104746689141254     
  0.21560951201290446     
  0.33321808707783429     
  0.49412977556311133     
  0.67044270262298755     
  0.81755441322534728     
  0.91210372299949150     
  0.96176072257058365     
  0.98452019565424520     
  0.99406337757438679     
  0.99782337294006596     
  0.99923392704422309     
  0.99974078953006784     
  0.99991566216870031     
  0.99997362608792806     
  0.99999207961801617     
  0.99999771800779169     
  0.99999936976882442     
  0.99999983323055530     
  0.99999995769423333     
  0.99999998968741721     
  0.99999999757142721     
  0.99999999944193163     
   5.9855311067337276E-002
   7.0718213503492527E-002
   9.2326442787980578E-002
  0.13057171164883941     
  0.19463711908071554     
  0.29497118809420275     
  0.43501605407016158     
  0.59859317080514296     
  0.75097023851687428     
  0.86359504279807331     
  0.93220271837068702     
  0.96858367459197725     
  0.98617333754183001     
  0.99416139505787637     
  0.99762364610750964     
  0.99906644384444221     
  0.99964606889958341     
  0.99987062659078962     
  0.99995445840474295     
  0.99998457815514352     
  0.99999497948520788     
  0.99999842832995467     
  0.99999952597206399     
  0.99999986162063537     
  0.99999996056124740     
   5.8062460505718901E-002
   5.9882928315498796E-002
   6.9118622193145435E-002
   8.7999974653254931E-002
  0.12113184810782220     
  0.17573235914765920     
  0.26037883985396482     
  0.37988458453193380     
  0.52639275496255122     
  0.67590329841552566     
  0.80098419754993955     
  0.88843218436011584     
  0.94163103335539688     
  0.97098815120982818     
  0.98614682739240256     
  0.99360994137706637     
  0.99714715961426881     
  0.99876736269275090     
  0.99948507405668763     
  0.99979228195743286     
  0.99991916070249864     
  0.99996965079830269     
  0.99998899333797797     
  0.99999612916497882     
  0.99999867010790211     
   6.6629588319585376E-002
   5.9557910800494565E-002
   6.0030231384394200E-002
   6.7570584593971153E-002
   8.3649271104793962E-002
  0.11169285737529988     
  0.15716732399810385     
  0.22686653621610536     
  0.32598341739145897     
  0.45238268591985054     
  0.59192884859796746     
  0.72254013786891114     
  0.82653464919090647     
  0.89873652189988851     
  0.94392986659571176     
  0.97020814529384047     
  0.98470648647327197     
  0.99239184481945708     
  0.99632970398026288     
  0.99828390215698593     
  0.99922294995768579     
  0.99965937680984662     
  0.99985532112515851     
  0.99994027559698573     
  0.99997588921064473     
   8.9854495349657185E-002
   6.9671580498698954E-002
   6.0960467296178461E-002
   5.9963324068493459E-002
   6.5591333592034465E-002
   7.8582519201435552E-002
  0.10126507677326126     
  0.13753646288819701     
  0.19253487900543037     
  0.27120237962982735     
  0.37505051909711118     
  0.49811227054072976     
  0.62602648368553493     
  0.74160190774659562     
  0.83316650469452957     
  0.89816395554666939     
  0.94057359932488482     
  0.96657760229542866     
  0.98179713166028237     
  0.99037869733008921     
  0.99506116629063002     
  0.99753717583175527     
  0.99880591740888613     
  0.99943572140537240     
  0.99973875968424164     
  0.13934369219429477     
   9.5013692100495678E-002
   7.2358591303232286E-002
   6.1910022028509856E-002
   5.9201680300982940E-002
   6.2572443299532557E-002
   7.2062690890618286E-002
   8.9000202111723034E-002
  0.11590328194389661     
  0.15638167004436199     
  0.21462437629885267     
  0.29395994641071294     
  0.39430258323277717     
  0.50959353780339145     
  0.62787001700454970     
  0.73551292073677133     
  0.82298088190964247     
  0.88746869292619779     
  0.93146211534233325     
  0.95973057038278775     
  0.97706830952909407     
  0.98730499423418050     
  0.99315116987850927     
  0.99638859143151715     
  0.99812985708411117     
  0.23717596639626726     
  0.14753986337132588     
   9.9385318279261239E-002
   7.4292752819675026E-002
   6.1903422498841634E-002
   5.7170222099129246E-002
   5.7911041593056323E-002
   6.3538738500592412E-002
   7.4521370927325609E-002
   9.2211569805950563E-002
  0.11882705095853956     
  0.15739276134645469     
  0.21138680871653531     
  0.28375336373358473     
  0.37509711297666032     
  0.48160196134091887     
  0.59432747382961360     
  0.70150614286655044     
  0.79303591012251173     
  0.86391569543890379     
  0.91445484478592942     
  0.94818076068154167     
  0.96954201047710931     
  0.98251995121544133     
  0.99014015577079362     
  0.40808618804049468     
  0.24969413347748570     
  0.15492533500735139     
  0.10313051028371523     
   7.5383251876798840E-002
   6.0748760439391154E-002
   5.3694822005384106E-002
   5.1584847792447798E-002
   5.3314248428187203E-002
   5.8678933394499234E-002
   6.8125169162104218E-002
   8.2696937819951660E-002
  0.10408336009851103     
  0.13468347666135705     
  0.17755814636363906     
  0.23603789244519444     
  0.31267421107456106     
  0.40740106021500333     
  0.51554988227769394     
  0.62746553802409621     
  0.73124944546793325     
  0.81745858628942147     
  0.88224889843317822     
  0.92703370392082074     
  0.95602323609245388     
  0.63955901715326913     
  0.43112515507143245     
  0.26817248167977625     
  0.16703595772941218     
  0.10994728438993547     
   7.8272270400488314E-002
   6.0568682121687756E-002
   5.0762177061166057E-002
   4.5757016213210822E-002
   4.4018903938257407E-002
   4.4865075214130037E-002
   4.8135898564719268E-002
   5.4066193907690220E-002
   6.3271397691869027E-002
   7.6812266177138558E-002
   9.6319071240500612E-002
  0.12414427096061111     
  0.16345541613523173     
  0.21805131138274356     
  0.29150093747722977     
  0.38518653454949547     
  0.49555029193425287     
  0.61256800936990896     
  0.72227700121991800     
  0.81292745136582056     
  0.84680088802881515     
  0.68495381443685277     
  0.48848170933078189     
  0.31936717385508961     
  0.20449273257032974     
  0.13493697971575955     
   9.4155616936300243E-002
   7.0069029694809104E-002
   5.5598839754276028E-002
   4.6858687903887877E-002
   4.1744019760076176E-002
   3.9126181303979608E-002
   3.8432636809463579E-002
   3.9439626626279957E-002
   4.2181897037249040E-002
   4.6934232724854197E-002
   5.4247486050530647E-002
   6.5037183220629693E-002
   8.0728864615864329E-002
  0.10345512729718948     
  0.13625346941338962     
  0.18308868013083751     
  0.24828365291446508     
  0.33472930218689251     
  0.44071817539653213     
  0.95182926046287541     
  0.88411708249174159     
  0.76395099837782177     
  0.60179856153461753     
  0.43666843643543607     
  0.30290302538007569     
  0.20912316229869651     
  0.14775156223197825     
  0.10837781638336781     
   8.2992998236534443E-002
   6.6414482068840194E-002
   5.5486605698014911E-002
   4.8323673040505562E-002
   4.3809078178236371E-002
   4.1299605463713772E-002
   4.0461006339847755E-002
   4.1184285852288977E-002
   4.3554588703232984E-002
   4.7859891615017365E-002
   5.4636451353480060E-002
   6.4753044518567116E-002
   7.9533619846370973E-002
  0.10089779376377878     
  0.13143922995654114     
  0.17424030432878762     
  0.98411515226743418     
  0.96091807916809269     
  0.91401866747855076     
  0.83347907856689218     
  0.71884388353184248     
  0.58483901973321861     
  0.45400855700487996     
  0.34305056065303918     
  0.25737955382010830     
  0.19467054070852999     
  0.14990367128754245     
  0.11821041288491348     
   9.5788136538955390E-002
   7.9926036913463380E-002
   6.8774114688647581E-002
   6.1102823242996554E-002
   5.6119620006163967E-002
   5.3345828131557978E-002
   5.2542177819326297E-002
   5.3671668061385173E-002
   5.6891915968789113E-002
   6.2571579805277139E-002
   7.1324023689132737E-002
   8.4042303199017704E-002
  0.10189759451402045     
  0.99330287219695157     
  0.98363983423734858     
  0.96371923324908482     
  0.92732850474690920     
  0.86888909968436134     
  0.78689943550677266     
  0.68644491242709538     
  0.57803396484256619     
  0.47316080250120551     
  0.38013324467270498     
  0.30269364904516310     
  0.24097916903326297     
  0.19317286133491973     
  0.15680380914127323     
  0.12947340382459055     
  0.10915555169009730     
   9.4263658679742152E-002
   8.3616861475513143E-002
   7.6376430280285817E-002
   7.1984328913174717E-002
   7.0115619804763066E-002
   7.0646674308254137E-002
   7.3635808842519773E-002
   7.9307909046489905E-002
   8.8027327690986062E-002
  0.99663539499051090     
  0.99175360690178382     
  0.98159861903169032     
  0.96264735508583321     
  0.93089907229787239     
  0.88308285782583851     
  0.81816159950014533     
  0.73833053831477202     
  0.64879923488062663     
  0.55636323582863034     
  0.46753276869871013     
  0.38712983063034329     
  0.31778582842065733     
  0.26019768624689094     
  0.21374083855359638     
  0.17709529141277008     
  0.14871580693164504     
  0.12711807333734196     
  0.11101975902563103     
   9.9389252539539119E-002
   9.1444992762113542E-002
   8.6632981831819791E-002
   8.4596712476248101E-002
   8.5143632362452440E-002
   8.8204696354592743E-002
  0.99814426893932284     
  0.99540140634449104     
  0.98961959537006283     
  0.97863909968684293     
  0.95976836323412151     
  0.93025320700109448     
  0.88797581828398175     
  0.83217010064721308     
  0.76389714923116003     
  0.68608410321986857     
  0.60306155178462761     
  0.51971506209422580     
  0.44053351392281370     
  0.36888035013356590     
  0.30668502015157062     
  0.25454170057958292     
  0.21205424395373321     
  0.17824259733794964     
  0.15188727279867204     
  0.13176554453648193     
  0.11678506450451277     
  0.10604172119724166     
   9.8829441423994940E-002
   9.4621890193173228E-002
   9.3036958758103250E-002
  0.99891547763639088     
  0.99727582572197748     
  0.99376637797443534     
  0.98698635868928963     
  0.97508947475307661     
  0.95597779961896168     
  0.92762935373407274     
  0.88849077000501775     
  0.83786478571033141     
  0.77622958427533340     
  0.70540591207138137     
  0.62846430462209446     
  0.54930861806178322     
  0.47200606359448222     
  0.40007738325997383     
  0.33599299184165893     
  0.28100882823705348     
  0.23530961463160011     
  0.19832202647691638     
  0.16905389563167358     
  0.14636945604501309     
  0.12917086164715813     
  0.11649433200719533     
  0.10754337768325521     
  0.10168104019183193     
  0.99933737870521688     
  0.99831251605817206     
  0.99608508411073848     
  0.99171109806544633     
  0.98389472241683384     
  0.97106596613945850     
  0.95153513629357767     
  0.92369482612616227     
  0.88625362862752599     
  0.83850395976447056     
  0.78060990013028697     
  0.71384379950529298     
  0.64064487530356284     
  0.56438495712630798     
  0.48883860015211134     
  0.41751326704043129     
  0.35308201418739893     
  0.29710291274314554     
  0.25005568234659448     
  0.21159338935061919     
  0.18086575306665797     
  0.15680598884398311     
  0.13833261190659130     
  0.12446316537959194     
  0.11435862360684708     
  0.99957931932402355     
  0.99891458667233968     
  0.99744876181505138     
  0.99452649726820697     
  0.98921876734904202     
  0.98034798997843520     
  0.96655819941348764     
  0.94641380956054466     
  0.91852447620798083     
  0.88171597028953552     
  0.83526881492023519     
  0.77921108844307752     
  0.71458760218079687     
  0.64357127450749085     
  0.56928989792170615     
  0.49534668393897946     
  0.42517258875065134     
  0.36144867063616348     
  0.30579475364542358     
  0.25877295544234252     
  0.22011597172208153     
  0.18903887019916357     
  0.16452245632492662     
  0.14551488299174400     
  0.13104575970813437     
  0.99972345338319479     
  0.99927786940970065     
  0.99828211939699463     
  0.99626948369318180     
  0.99256051764433384     
  0.98626379869426251     
  0.97630369481513324     
  0.96146397798103134     
  0.94044686709757086     
  0.91196745183693639     
  0.87491451182554936     
  0.82859558988960014     
  0.77304148834303865     
  0.70928205771541508     
  0.63945451611883963     
  0.56662100070249743     
  0.49428391361641699     
  0.42574677668469590     
  0.36355938162470441     
  0.30923347634829546     
  0.26326489338326070     
  0.22536566890756471     
  0.19476685923764570     
  0.17048641375379167     
  0.15151502439691811     
  0.99981223319815882     
  0.99950436583096269     
  0.99880804389041367     
  0.99738308738756354     
  0.99472302952615388     
  0.99014482405979243     
  0.98279497417911299     
  0.97166372444244276     
  0.95560642986307520     
  0.93338764790696915     
  0.90377692437840162     
  0.86572502361091652     
  0.81862784844489500     
  0.76263855873061837     
  0.69892641067561900     
  0.62974061066042486     
  0.55817223095140422     
  0.48763471712643669     
  0.42123659511552836     
  0.36128238333442347     
  0.30905765030496368     
  0.26490066182271649     
  0.22844941231046254     
  0.19893076499313556     
  0.17540142621096591     
  0.99986859879639678     
  0.99964978777796376     
  0.99914954090455299     
  0.99811446773898371     
  0.99616001826604439     
  0.99275567549794708     
  0.98722014994584173     
  0.97872001935198183     
  0.96627020859470969     
  0.94874731629570008     
  0.92493944401240880     
  0.89366185541031429     
  0.85396027162691934     
  0.80539550825390305     
  0.74835153077362382     
  0.68425018250155289     
  0.61553434527429429     
  0.54534551212905702     
  0.47696526545271284     
  0.41322275656802793     
  0.35608631884697306     
  0.30654514361059859     
  0.26474031590466046     
  0.23022218271065209     
  0.20221538531243086     
  0.99990539947585011     
  0.99974570510073990     
  0.99937711309287169     
  0.99860694945798911     
  0.99713795558796925     
  0.99455218171198589     
  0.99030090439787966     
  0.98369528429564224     
  0.97389567541474720     
  0.95990699749357733     
  0.94059842127275040     
  0.91477327135023367     
  0.88131529156673794     
  0.83942335323650041     
  0.78891049177246575     
  0.73048703427521877     
  0.66589875453208569     
  0.59779966647535987     
  0.52933763200219175     
  0.46357866961355637     
  0.40298670267139902     
  0.34913534722128026     
  0.30269429364913908     
  0.26361021073209018     
  0.23135938834992661     
  0.99993005915658617     
  0.99981057017050168     
  0.99953244593004009     
  0.99894627163904215     
  0.99781823424525240     
  0.99581426565954223     
  0.99248770462572800     
  0.98726613812061681     
  0.97943510159679226     
  0.96812345162371982     
  0.95230414143383335     
  0.93083190586117515     
  0.90254337260037587     
  0.86644006360462700     
  0.82195213336050155     
  0.76923541599319079     
  0.70939873827593403     
  0.64453169908471164     
  0.57745204434454778     
  0.51121809286570707     
  0.44857945725462867     
  0.39156896171834660     
  0.34134809268491711     
  0.29828529082580152     
  0.26216383639687663     
  0.99994698852560804     
  0.99985546796259028     
  0.99964086114766615     
  0.99918510717963704     
  0.99830117785517092     
  0.99671816603346275     
  0.99406829735255309     
  0.98987224618745107     
  0.98352037970733197     
  0.97425293944525959     
  0.96114939002498789     
  0.94314429619736928     
  0.91909261679803367     
  0.88790750796453710     
  0.84878111949437784     
  0.80146554779137935     
  0.74653950248919421     
  0.68554223386565394     
  0.62086567787913383     
  0.55538610540128530     
  0.49194866648572672     
  0.43289730554906314     
  0.37980565245890768     
  0.33344696012064712     
  0.29393522951057194     
  0.99995887622307478     
  0.99988722594636892     
  0.99971811896069773     
  0.99935659014191547     
  0.99865059413937618     
  0.99737729741041004     
  0.99523027149148335     
  0.99180452665663132     
  0.98657706010350210     
  0.97888469857283711     
  0.96790684302138841     
  0.95266697526984112     
  0.93207266077469697     
  0.90501680692565079     
  0.87055707298739105     
  0.82816726027229182     
  0.77801108077696213     
  0.72113963116910662     
  0.65949720375585230     
  0.59567429476322775     
  0.53246322844639016     
  0.47237650157912681     
  0.41729950766169860     
  0.36836250011133881     
  0.32600525217348864     
  0.99996740085895675     
  0.99991014768380682     
  0.99977425037554379     
  0.99948201899209310     
  0.99890791870326889     
  0.99786610502890227     
  0.99609820432153340     
  0.99325871731948912     
  0.98889582629949968     
  0.98242855564008591     
  0.97312595754356357     
  0.96009936816416164     
  0.94232444185118291     
  0.91871405301052778     
  0.88826158833566027     
  0.85025897397400063     
  0.80455914881095336     
  0.75180533818103956     
  0.69351809380256724     
  0.63195571309987775     
  0.56975631255363246     
  0.50948089756401527     
  0.45322413520178739     
  0.40240810691060386     
  0.35777154948152529     
  0.99997363422189245     
  0.99992700513279609     
  0.99981577430477753     
  0.99957536156926607     
  0.99910058129631507     
  0.99823435619115353     
  0.99675625668492640     
  0.99436859250112242     
  0.99067796829326693     
  0.98517269572610611     
  0.97720031059408097     
  0.96595402973018762     
  0.95048220038232323     
  0.92973969636346754     
  0.90270126622605884     
  0.86854739150932270     
  0.82690645335628077     
  0.77809445893553641     
  0.72325553697521938     
  0.66430953619095279     
  0.60368094382217186     
  0.54388842348783806     
  0.48714376186449998     
  0.43509029310373781     
  0.38872520646023329     
